55599.0156785 104.047234046
55599.0160255 103.019687796
55599.0163727 102.001184422
55599.0167199 100.998330891
55599.0170671 100.016266823
55599.0174144 99.0495085533
55599.0177616 98.0980918745
55599.0181088 97.1652695074
55599.018456 96.2514540181
55599.0188032 95.3556070769
55599.0191505 94.4791775559
55599.0194977 93.6236001788
55599.0198449 92.7925060413
55599.0201921 91.9769723419
55599.0205394 91.1847771275
55599.0208866 90.4174741156
55599.0212338 89.6715329078
55599.021581 88.95025036
55599.0219282 88.2557829591
55599.0222755 87.5858016048
55599.0226227 86.9411554148
55599.0229699 86.323807061
55599.0233171 85.7341635159
55599.0236644 85.1725374656
55599.0240116 84.6390206913
55599.0243588 84.1357467765
55599.024706 83.667150256
55599.0250532 83.2269181169
55599.0254005 82.8111407489
55599.0257477 82.4286715892
55599.0260949 82.0795541032
55599.0264421 81.75933571
55599.0267894 81.473888762
55599.0271366 81.2247373084
55599.0274838 81.0070081553
55599.027831 80.8234455654
55599.0281782 80.6739580291
55599.0285255 80.5587476709
55599.0288727 80.4777229379
55599.0292199 80.4312971244
55599.0295671 80.419569201
55599.0299144 80.4422860996
55599.0302616 80.4996564886
55599.0306088 80.5880408845
55599.030956 80.7090873474
55599.0313032 80.8732561011
55599.0316505 81.0682412725
55599.0319977 81.2960820235
55599.0323449 81.5577691096
55599.0326921 81.853216319
55599.0330394 82.1801830977
55599.0333866 82.5400596407
55599.0337338 82.9333225393
55599.034081 83.3563691336
55599.0344282 83.8096670141
55599.0347755 84.2940253158
55599.0351227 84.8072710844
55599.0354699 85.3509405457
55599.0358171 85.9218680632
55599.0361644 86.524537185
55599.0365116 87.153314338
55599.0368588 87.8069635545
55599.037206 88.4863571374
55599.0375532 89.1913762168
55599.0379005 89.9241147117
55599.0382477 90.6827651962
55599.0385949 91.4598592624
55599.0389421 92.2593828314
55599.0392894 93.0820284165
55599.0396366 93.9260053809
55599.0399838 94.7913482108
55599.040331 95.6773096722
55599.0406782 96.5809017678
55599.0410255 97.5032742898
55599.0413727 98.4444529338
55599.0417199 99.4029820949
55599.0420671 100.378504066
55599.0424144 101.370261885
55599.0427616 102.377854628
55599.0431088 103.400625677
55599.043456 104.437306754
55599.0438032 105.488098404
55599.0441505 106.552141973
55599.0444977 107.629014229
55599.0448449 108.718188829
55599.0451921 109.818668316
55599.0455394 110.929852774
55599.0458866 112.05203805
55599.0462338 113.183804548
55599.046581 114.325499604
55599.0469282 115.475630283
55599.0472755 116.63349226
55599.0476227 117.800244375
55599.0479699 118.973713341
55599.0483171 120.153783659
55599.0486644 121.340198693
55599.0490116 122.532715008
55599.0493588 123.729096883
55599.049706 124.929989494
55599.0500532 126.135697326
55599.0504005 127.342581126
55599.0507477 128.553212297
55599.0510949 129.765669251
55599.0514421 130.979776485
55599.0517894 132.19368013
55599.0521366 133.406753426
55599.0524838 134.620329449
55599.052831 135.830494875
55599.0531782 137.03834874
55599.0535255 138.240930115
55599.0538727 139.439907408
55599.0542199 140.631812728
55599.0545671 141.816665697
55599.0549144 142.991363905
55599.0552616 144.156118892
55599.0556088 145.308345908
55599.055956 146.446244189
55599.0563032 147.567237227
55599.0566505 149.573172963
55599.0569977 152.504361359
55599.0573449 155.194934035
55599.0576921 156.571878991
55599.0580394 156.723434468
55599.0583866 155.427888852
55599.0587338 152.86704255
55599.059081 149.407229899
55599.0594282 145.234018679
55599.0597755 140.542984589
55599.0601227 135.50255266
55599.0604699 130.203261249
55599.0608171 124.70459055
55599.0611644 119.05772352
55599.0615116 113.298073018
55599.0618588 107.449545899
55599.062206 101.761393678
55599.0625532 99.0568690965
55599.0629005 98.9462047174
55599.0632477 99.6697941441
55599.0635949 99.4421184943
55599.0639421 99.1671835619
55599.0642894 99.1043275924
55599.0646366 98.9539872021
55599.0649838 98.7159841259
55599.065331 98.4689134098
55599.0656782 98.1972161783
55599.0659183 97.8830707286
55599.0859331 44.2305911019
55599.0862801 43.0304649802
55599.0866273 41.8309055994
55599.0869745 40.6387312303
55599.0873218 39.450912955
55599.087669 38.2711369324
55599.0880162 37.0999806655
55599.0883634 35.9396157831
55599.0887106 34.7917457213
55599.0890579 33.6563951032
55599.0894051 32.5392664825
55599.0897523 31.4366869981
55599.0900995 30.3581061163
55599.0904468 29.3022663686
55599.090794 28.2736682641
55599.0911412 27.2758248022
55599.0914884 26.3113883383
55599.0918356 25.3878131068
55599.0921829 24.5059826237
55599.0925301 23.6745250091
55599.0928773 22.8977061004
55599.0932245 22.181344175
55599.0935718 21.5338397606
55599.093919 20.9593976576
55599.0942662 20.4655837635
55599.0946134 20.0596349013
55599.0949606 19.7449664411
55599.0953079 19.5278522158
55599.0956551 19.4113806966
55599.0960023 19.3965420187
55599.0963495 19.4846105607
55599.0966968 19.6735886104
55599.097044 19.9604798438
55599.0973912 20.3413887507
55599.0977384 20.8095709245
55599.0980856 21.3597985791
55599.0984329 21.9884314107
55599.0987801 22.6860946692
55599.0991273 23.4449328979
55599.0994745 24.2624279681
55599.0998218 25.1290746416
55599.100169 26.0411204388
55599.1005162 26.9947003965
55599.1008634 27.9825089728
55599.1012106 29.002174618
55599.1015579 30.0505754447
55599.1019051 31.1226890625
55599.1022523 32.2168205342
55599.1025995 33.3293192027
55599.1029468 34.4591102065
55599.103294 35.6030937558
55599.1036412 36.7605347394
55599.1039884 37.9256564916
55599.1043356 39.1004069751
55599.1046829 40.2844139414
55599.1050301 41.4756607776
55599.1053773 42.671562102
55599.1057245 43.8711552403
55599.1060718 45.0740679734
55599.106419 46.2803747736
55599.1067662 47.486766789
55599.1071134 48.6939797849
55599.1074606 49.9019637543
55599.1078079 51.1071082826
55599.1081551 52.3109216324
55599.1085023 53.5144221215
55599.1088495 54.7147168431
55599.1091968 55.9117605138
55599.109544 57.105838466
55599.1098912 58.2929824323
55599.1102384 59.4753734593
55599.1105856 60.6506566585
55599.1109329 61.8216611472
55599.1112801 62.984489492
55599.1116273 64.1452349445
55599.1119745 65.2953402476
55599.1123218 66.434709265
55599.112669 67.5639636307
55599.1130162 68.6851003938
55599.1133634 69.8014865492
55599.1137106 70.9045692431
55599.1140579 71.9908051295
55599.1144051 73.0673740509
55599.1147523 74.132078972
55599.1150995 75.1837575123
55599.1154468 76.2218002917
55599.115794 77.2429381153
55599.1161412 78.2483120421
55599.1164884 79.2432476166
55599.1168356 80.22021646
55599.1171829 81.1812782693
55599.1175301 82.1246586739
55599.1178773 83.0494745208
55599.1182245 83.9571153176
55599.1185718 84.8442761367
55599.118919 85.7117046595
55599.1192662 86.5604672891
55599.1196134 87.3847740454
55599.1199606 88.1886880678
55599.1203079 88.9714455237
55599.1206551 89.7275369686
55599.1210023 90.4614087382
55599.1213495 91.1725560576
55599.1216968 91.8540915742
55599.122044 92.5114141817
55599.1223912 93.1434773831
55599.1227384 93.7470124861
55599.1230856 96.1258222467
55599.1234329 101.302981285
55599.1237801 108.306373694
55599.1241273 114.498387617
55599.1244745 120.346704785
55599.1248218 126.58346632
55599.125169 132.862960225
55599.1255162 139.054435791
55599.1258634 145.263062954
55599.1262106 151.466488261
55599.1265579 157.591127838
55599.1269051 163.557385584
55599.1272523 169.113374549
55599.1275995 173.165658565
55599.1279468 172.610408613
55599.128294 168.10713326
55599.1286412 162.741454535
55599.1289884 159.837873288
55599.1293356 159.583157214
55599.1296829 160.768305028
55599.1300301 160.500415182
55599.1303773 159.826409048
55599.1307245 159.488964447
55599.1310718 159.038006757
55599.131419 158.406406862
55599.1317662 157.731752438
55599.1321134 157.005117161
55599.1324606 156.209442952
55599.1328079 155.358141335
55599.1331551 154.461835478
55599.1335023 153.520419264
55599.1338495 152.541284959
55599.1340838 151.529172022
55599.1555859 86.8717157391
55599.1559329 86.2765711668
55599.1562801 85.7069938869
55599.1566273 85.1671746295
55599.1569745 84.6561932582
55599.1573218 84.1745302835
55599.157669 83.7283976893
55599.1580162 83.3080966239
55599.1583634 82.9170989716
55599.1587106 82.5593451021
55599.1590579 82.232633123
55599.1594051 81.9395515442
55599.1597523 81.6781947273
55599.1600995 81.4510688782
55599.1604468 81.2567253605
55599.160794 81.0967671934
55599.1611412 80.9677585718
55599.1614884 80.8750557751
55599.1618356 80.8189452118
55599.1621829 80.795336074
55599.1625301 80.8070126836
55599.1628773 80.8525800733
55599.1632245 80.9331433249
55599.1635718 81.0471041476
55599.163919 81.1959601854
55599.1642662 81.3774230762
55599.1646134 81.5948849781
55599.1649606 81.8404549567
55599.1653079 82.1198825143
55599.1656551 82.4374473554
55599.1660023 82.7850933037
55599.1663495 83.1641651107
55599.1666968 83.5751376914
55599.167044 84.0179734576
55599.1673912 84.4915379607
55599.1677384 84.9925264769
55599.1680856 85.5232493308
55599.1684329 86.0832747743
55599.1687801 86.6709759354
55599.1691273 87.2892832192
55599.1694745 87.9336074513
55599.1698218 88.6019051343
55599.170169 89.2953412769
55599.1705162 90.0150784538
55599.1708634 90.7622883928
55599.1712106 91.5339669712
55599.1715579 92.3219893518
55599.1719051 93.1341224375
55599.1722523 93.9695952244
55599.1725995 94.825117874
55599.1729468 95.699933004
55599.173294 96.5941908364
55599.1736412 97.5082657427
55599.1739884 98.440097928
55599.1743356 99.3895801788
55599.1746829 100.357122603
55599.1750301 101.340663988
55599.1753773 102.340151731
55599.1757245 103.355034761
55599.1760718 104.384334747
55599.176419 105.427467182
55599.1767662 106.484374481
55599.1771134 107.55428861
55599.1774606 108.636078993
55599.1778079 109.729559605
55599.1781551 110.835102711
55599.1785023 111.951335912
55599.1788495 113.077176154
55599.1791968 114.213390502
55599.179544 115.358625514
55599.1798912 116.511757661
55599.1802384 117.673499757
55599.1805856 118.843325992
55599.1809329 120.019570216
55599.1812801 121.201807373
55599.1816273 122.391055928
55599.1819745 123.58492814
55599.1823218 124.782791436
55599.182669 125.9852887
55599.1830162 127.191683917
55599.1833634 128.401066297
55599.1837106 129.612638831
55599.1840579 130.82562461
55599.1844051 132.040238293
55599.1847523 133.253680581
55599.1850995 134.467732206
55599.1854468 135.679415765
55599.185794 136.888815198
55599.1861412 138.094698831
55599.1864884 139.296493593
55599.1868356 140.49177612
55599.1871829 141.680392257
55599.1875301 142.860739031
55599.1878773 144.032635096
55599.1882245 145.191630869
55599.1885718 146.338185449
55599.188919 147.468226954
55599.1892662 148.677913602
55599.1896134 151.138504796
55599.1899606 154.18832039
55599.1903079 156.413294621
55599.1906551 157.310215362
55599.1910023 156.877320992
55599.1913495 154.971333334
55599.1916968 151.942300864
55599.192044 148.108298385
55599.1923912 143.646633696
55599.1927384 138.751664878
55599.1930856 133.563880188
55599.1934329 128.14704957
55599.1937801 122.55652061
55599.1941273 116.839794429
55599.1944745 111.024887426
55599.1948218 105.13175774
55599.195169 100.15495505
55599.1955162 98.2918348626
55599.1958634 98.8857846286
55599.1962106 99.2724406713
55599.1965579 98.9027210599
55599.1969051 98.7179768674
55599.1972523 98.6391844228
55599.1975995 98.4333109635
55599.1979468 98.1766022768
55599.198294 97.9154335951
55599.1986412 97.6204642122
55599.1989884 97.2834966192
55599.1993356 96.9165912032
55599.1996829 96.5202627932
55599.2000301 96.0917108467
55599.2003773 95.630932485
55599.2007245 95.1410098466
55599.2010718 94.6209185588
55599.201419 94.0716065085
55599.2017662 93.4939940236
55599.2021134 92.8884891973
55599.2024606 92.2551734316
55599.2028079 91.5956381668
55599.2031551 90.9103495107
55599.2035023 90.2008361645
55599.2037713 89.4640602403
55599.224903 24.2098291501
55599.22525 23.3711751308
55599.2255972 22.5860843511
55599.2259444 21.8607713309
55599.2262917 21.203718939
55599.2266389 20.6200659541
55599.2269861 20.1180488671
55599.2273333 19.7037640766
55599.2276806 19.3818211399
55599.2280278 19.1587576264
55599.228375 19.0370358627
55599.2287222 19.0189792318
55599.2290694 19.1052617656
55599.2294167 19.2935025133
55599.2297639 19.5812708648
55599.2301111 19.964760827
55599.2304583 20.4359697218
55599.2308056 20.9909705516
55599.2311528 21.6241178715
55599.2315 22.3259117159
55599.2318472 23.0927465972
55599.2321944 23.9157315535
55599.2325417 24.7874004106
55599.2328889 25.7051232654
55599.2332361 26.6636257321
55599.2335833 27.65634662
55599.2339306 28.6809600783
55599.2342778 29.7332936391
55599.234625 30.8088887425
55599.2349722 31.9065674786
55599.2353194 33.0246695718
55599.2356667 34.1548844856
55599.2360139 35.3011075663
55599.2363611 36.4591083645
55599.2367083 37.6280166426
55599.2370556 38.8051646341
55599.2374028 39.9911129594
55599.23775 41.1832083452
55599.2380972 42.3799848316
55599.2384444 43.5804675597
55599.2387917 44.7838875199
55599.2391389 45.9871731777
55599.2394861 47.1918314522
55599.2398333 48.4010518719
55599.2401806 49.6096345345
55599.2405278 50.8165194705
55599.240875 52.0219232095
55599.2412222 53.224016434
55599.2415694 54.4232492234
55599.2419167 55.6187204843
55599.2422639 56.8116567394
55599.2426111 57.9997810967
55599.2429583 59.1804763786
55599.2433056 60.3540702376
55599.2436528 61.5233473135
55599.244 62.6912589008
55599.2443472 63.8466694941
55599.2446944 64.9910239108
55599.2450417 66.1315634818
55599.2453889 67.2589982828
55599.2457361 68.3769645869
55599.2460833 69.4860155429
55599.2464306 70.5845609184
55599.2467778 71.6712012257
55599.247125 72.745435248
55599.2474722 73.8113335803
55599.2478194 74.8671555325
55599.2481667 75.8997263256
55599.2485139 76.9183620094
55599.2488611 77.9255821538
55599.2492083 78.9135035985
55599.2495556 79.883916406
55599.2499028 80.8437418603
55599.25025 81.7853827215
55599.2505972 82.7080915509
55599.2509444 83.612189658
55599.2512917 84.4973371328
55599.2516389 85.3626119918
55599.2519861 86.2081457517
55599.2523333 87.0311643622
55599.2526806 87.8322698592
55599.2530278 88.611480921
55599.253375 89.3673186476
55599.2537222 90.0982450714
55599.2540694 90.8059648352
55599.2544167 91.4890173202
55599.2547639 92.1434149947
55599.2551111 92.7713297772
55599.2554583 93.3738981762
55599.2558056 94.728262526
55599.2561528 98.8549492179
55599.2565 105.639698245
55599.2568472 112.229978834
55599.2571944 118.053294186
55599.2575417 124.173576521
55599.2578889 130.491710042
55599.2582361 136.720661158
55599.2585833 142.931636289
55599.2589306 149.162842331
55599.2592778 155.353806252
55599.259625 161.444901409
55599.2599722 167.303533465
55599.2603194 172.387335354
55599.2606667 174.134434538
55599.2610139 170.518139217
55599.2613611 165.043971066
55599.2617083 160.965441884
55599.2620556 159.768842237
55599.2624028 160.743267176
55599.26275 161.027837439
55599.2630972 160.27373582
55599.2634444 159.813197025
55599.2637917 159.406912027
55599.2641389 158.789012906
55599.2644861 158.090731996
55599.2648333 157.364290563
55599.2651806 156.567026501
55599.2655278 155.707442196
55599.265875 154.804937917
55599.2662222 153.858775577
55599.2665694 152.875606341
55599.2669167 151.857727596
55599.2672639 150.810916767
55599.2676111 149.740643425
55599.2679583 148.646460076
55599.2683056 147.53143634
55599.2686528 146.400185325
55599.269 145.253938715
55599.2693472 144.095167091
55599.2696944 142.925303438
55599.2700417 141.745528715
55599.2703889 140.56060114
55599.2707361 139.365635129
55599.2710833 138.165631071
55599.2714306 136.963230846
55599.2717778 135.756932239
55599.272125 134.547541545
55599.2724722 133.338289864
55599.2728194 132.127104493
55599.2731667 130.917536259
55599.2735139 129.707961284
55599.2738611 128.500761088
55599.2742083 127.295967172
55599.2745556 126.094070138
55599.2749028 124.89599712
55599.27525 123.702150999
55599.2755972 122.513166053
55599.2759299 121.329451608
55599.2941044 81.282442642
55599.2944514 81.2117181757
55599.2947986 81.1766980208
55599.2951458 81.1770477488
55599.2954931 81.2117368671
55599.2958403 81.2795272474
55599.2961875 81.3830753611
55599.2965347 81.517963768
55599.2968819 81.6892265034
55599.2972292 81.8944545863
55599.2975764 82.132235368
55599.2979236 82.3961470334
55599.2982708 82.6969358402
55599.2986181 83.0363098584
55599.2989653 83.4037650003
55599.2993125 83.801607287
55599.2996597 84.2316847611
55599.3000069 84.6915799422
55599.3003542 85.1826338928
55599.3007014 85.7022506859
55599.3010486 86.251143177
55599.3013958 86.8267346359
55599.3017431 87.4308185671
55599.3020903 88.0634308639
55599.3024375 88.7232536263
55599.3027847 89.4057006982
55599.3031319 90.1138524552
55599.3034792 90.847555711
55599.3038264 91.6044585164
55599.3041736 92.3884505997
55599.3045208 93.1932474279
55599.3048681 94.015053966
55599.3052153 94.8606027852
55599.3055625 95.7268755728
55599.3059097 96.6123070219
55599.3062569 97.517821233
55599.3066042 98.4407494783
55599.3069514 99.3816575619
55599.3072986 100.339873881
55599.3076458 101.315074181
55599.3079931 102.306434444
55599.3083403 103.313177331
55599.3086875 104.335236343
55599.3090347 105.37082597
55599.3093819 106.420661581
55599.3097292 107.483671251
55599.3100764 108.559159361
55599.3104236 109.646831108
55599.3107708 110.744767439
55599.3111181 111.855600957
55599.3114653 112.976009764
55599.3118125 114.106858742
55599.3121597 115.246665802
55599.3125069 116.395040033
55599.3128542 117.552070794
55599.3132014 118.717471357
55599.3135486 119.889479436
55599.3138958 121.068145106
55599.3142431 122.253587458
55599.3145903 123.444586804
55599.3149375 124.638764482
55599.3152847 125.839167347
55599.3156319 127.043767119
55599.3159792 128.250667861
55599.3163264 129.461194353
55599.3166736 130.67286868
55599.3170208 131.886746257
55599.3173681 133.100575796
55599.3177153 134.314220774
55599.3180625 135.525885549
55599.3184097 136.736106933
55599.3187569 137.945684709
55599.3191042 139.150019413
55599.3194514 140.349277625
55599.3197986 141.542196027
55599.3201458 142.728592941
55599.3204931 143.904811187
55599.3208403 145.071196034
55599.3211875 146.225008648
55599.3215347 147.365035478
55599.3218819 148.488379386
55599.3222292 150.017915566
55599.3225764 152.771280666
55599.3229236 155.742291433
55599.3232708 157.438856977
55599.3236181 157.823870508
55599.3239653 156.750183292
55599.3243125 154.274825798
55599.3246597 150.827947078
55599.3250069 146.658745121
55599.3253542 141.948828542
55599.3257014 136.879323336
55599.3260486 131.55428457
55599.3263958 126.031801718
55599.3267431 120.362492179
55599.3270903 114.58811999
55599.3274375 108.723715955
55599.3277847 102.792287109
55599.3281319 98.9398962909
55599.3284792 97.9173669256
55599.3288264 98.7465728346
55599.3291736 98.7608047002
55599.3295208 98.3851346838
55599.3298681 98.2702773064
55599.3302153 98.1427916049
55599.3305625 97.8969839792
55599.3309097 97.630201583
55599.3312569 97.351316783
55599.3316042 97.0319002835
55599.3319514 96.6777169333
55599.3322986 96.2918132665
55599.3326458 95.8783372549
55599.3329931 95.4299131987
55599.3333403 94.9508687126
55599.3336875 94.4434310092
55599.3340347 93.906388945
55599.3343819 93.3399125548
55599.3347292 92.7462983857
55599.3350764 92.1249537492
55599.3354236 91.4765754545
55599.3357708 90.8007089704
55599.3361181 90.1010477161
55599.3364653 89.3776843665
55599.3368125 88.6280733565
55599.3371597 87.8554506077
55599.3375069 87.0615664455
55599.3378542 86.2397825769
55599.3382014 85.4002925673
55599.3385486 84.5435436634
55599.3388958 83.6644220046
55599.3392431 82.7654849691
55599.3395903 81.8488991519
55599.3399375 80.9137429495
55599.3402847 79.9614237024
55599.3406319 78.9915698099
55599.3409792 78.0063789637
55599.3413264 77.0052590517
55599.3416736 75.9884334559
55599.3420208 74.9587117005
55599.3423681 73.9137052191
55599.3427153 72.8564075418
55599.3430625 71.7848172753
55599.3434097 70.7046926706
55599.3437569 69.6114955111
55599.3441042 68.5041798551
55599.3444514 67.3891123798
55599.3447986 66.2639115684
55599.3451458 65.1291286012
55599.3454931 63.9852840976
55599.3458403 62.8338423916
55599.3461875 61.6742032782
55599.3465347 60.5073119625
55599.34685 59.3330028608
55599.3632711 20.2033732224
55599.3636181 20.7843550734
55599.3639653 21.4418670536
55599.3643125 22.1679776366
55599.3646597 22.954777984
55599.3650069 23.7989981562
55599.3653542 24.6908682761
55599.3657014 25.6250186895
55599.3660486 26.5992880601
55599.3663958 27.6059358211
55599.3667431 28.6433500825
55599.3670903 29.7072843874
55599.3674375 30.7943820697
55599.3677847 31.8999313802
55599.3681319 33.0248257333
55599.3684792 34.16437536
55599.3688264 35.3172726727
55599.3691736 36.4813841116
55599.3695208 37.6562305879
55599.3698681 38.8357799732
55599.3702153 40.0250139555
55599.3705625 41.2197043408
55599.3709097 42.4188860414
55599.3712569 43.6205025532
55599.3716042 44.824408041
55599.3719514 46.0310368363
55599.3722986 47.2382435434
55599.3726458 48.4457283291
55599.3729931 49.6524049016
55599.3733403 50.8577434486
55599.3736875 52.0604026515
55599.3740347 53.2610197739
55599.3743819 54.4581276243
55599.3747292 55.6521935185
55599.3750764 56.8433794137
55599.3754236 58.0257265935
55599.3757708 59.2039962713
55599.3761181 60.3752357134
55599.3764653 61.5408974158
55599.3768125 62.699359979
55599.3771597 63.8589521605
55599.3775069 65.0043671334
55599.3778542 66.1374323965
55599.3782014 67.2593441138
55599.3785486 68.3718354683
55599.3788958 69.4766198224
55599.3792431 70.569921019
55599.3795903 71.6500883994
55599.3799375 72.7137790852
55599.3802847 73.7712124865
55599.3806319 74.8159940881
55599.3809792 75.8442860146
55599.3813264 76.8593183721
55599.3816736 77.8597450162
55599.3820208 78.8430214384
55599.3823681 79.811686403
55599.3827153 80.7643913939
55599.3830625 81.7052199572
55599.3834097 82.6207194669
55599.3837569 83.51346156
55599.3841042 84.3873679222
55599.3844514 85.2431488182
55599.3847986 86.0807849646
55599.3851458 86.8967204096
55599.3854931 87.6909413147
55599.3858403 88.4595683941
55599.3861875 89.2062835856
55599.3865347 89.9304105972
55599.3868819 90.6289536736
55599.3872292 91.3008646962
55599.3875764 91.9482812977
55599.3879236 92.5686565041
55599.3882708 93.1606190545
55599.3886181 94.2810216583
55599.3889653 98.1660980283
55599.3893125 104.806866895
55599.3896597 111.485433805
55599.3900069 117.342109995
55599.3903542 123.448696487
55599.3907014 129.775912634
55599.3910486 136.019337255
55599.3913958 142.240258513
55599.3917431 148.489659432
55599.3920903 154.711754681
55599.3924375 160.856148202
55599.3927847 166.834462564
55599.3931319 172.254697018
55599.3934792 174.88650499
55599.3938264 171.562288143
55599.3941736 166.055357621
55599.3945208 161.610388706
55599.3948681 160.126851441
55599.3952153 160.92085688
55599.3955625 161.343442787
55599.3959097 160.57871199
55599.3962569 160.042465037
55599.3966042 159.617672158
55599.3969514 158.987431326
55599.3972986 158.265075823
55599.3976458 157.509452877
55599.3979931 156.690665613
55599.3983403 155.814301079
55599.3986875 154.893217671
55599.3990347 153.930925807
55599.3993819 152.933048529
55599.3997292 151.903307331
55599.4000764 150.844241088
55599.4004236 149.762421191
55599.4007708 148.658533241
55599.4011181 147.535502103
55599.4014653 146.39529817
55599.4018125 145.244179643
55599.4021597 144.079620862
55599.4025069 142.90439068
55599.4028542 141.720532511
55599.4032014 140.531320139
55599.4035486 139.333972191
55599.4038958 138.131718835
55599.4042431 136.931441192
55599.4045903 135.724136832
55599.4049375 134.512869252
55599.4052847 133.302110341
55599.4056319 132.09099706
55599.4059792 130.881524024
55599.4063264 129.671765209
55599.4066736 128.464496947
55599.4070208 127.261299484
55599.4073681 126.061117331
55599.4077153 124.865209544
55599.4080625 123.673474397
55599.4084097 122.485074263
55599.4087569 121.303843279
55599.4091042 120.130964806
55599.4094514 118.963570338
55599.4097986 117.803129964
55599.4101458 116.646662185
55599.4104931 115.501099572
55599.4108403 114.364849275
55599.4111875 113.238758552
55599.4115347 112.121557369
55599.4118819 111.016385251
55599.4122292 109.922440116
55599.4125764 108.838682304
55599.4129236 107.767464335
55599.4132708 106.709704996
55599.4136181 105.664218877
55599.4139653 104.63266841
55599.4143125 103.615721408
55599.4146597 102.613298457
55599.4150069 101.629277954
55599.4153542 100.659900694
55599.4157014 99.7031247711
55599.4160486 98.767287012
55599.4163958 97.8484537875
55599.4167431 96.9468052894
55599.4170903 96.0660481689
55599.4173072 95.2041094404
55599.4321831 84.3409071404
55599.4325301 84.7800548254
55599.4328773 85.249568364
55599.4332245 85.750610196
55599.4335718 86.2799744723
55599.433919 86.8368419284
55599.4342662 87.4213115949
55599.4346134 88.0341064184
55599.4349606 88.6708708154
55599.4353079 89.3391422016
55599.4356551 90.0308442057
55599.4360023 90.7457258804
55599.4363495 91.4854818893
55599.4366968 92.2489222721
55599.437044 93.0344984271
55599.4373912 93.8422864359
55599.4377384 94.6721243325
55599.4380856 95.522517482
55599.4384329 96.397512467
55599.4387801 97.2901899023
55599.4391273 98.1977750315
55599.4394745 99.1259133355
55599.4398218 100.072674423
55599.440169 101.034375228
55599.4405162 102.01304124
55599.4408634 103.00822747
55599.4412106 104.018528491
55599.4415579 105.043442216
55599.4419051 106.082136658
55599.4422523 107.134910985
55599.4425995 108.200538951
55599.4429468 109.278483612
55599.443294 110.368066329
55599.4436412 111.469692407
55599.4439884 112.581631499
55599.4443356 113.704390437
55599.4446829 114.836381822
55599.4450301 115.977747582
55599.4453773 117.126864276
55599.4457245 118.285947761
55599.4460718 119.452480004
55599.446419 120.625033188
55599.4467662 121.804755509
55599.4471134 122.991368583
55599.4474606 124.182642504
55599.4478079 125.378251935
55599.4481551 126.579815212
55599.4485023 127.783786287
55599.4488495 128.991013419
55599.4491968 130.200388471
55599.449544 131.412417835
55599.4498912 132.626688987
55599.4502384 133.839810764
55599.4505856 135.053203884
55599.4509329 136.264307597
55599.4512801 137.475138338
55599.4516273 138.682884331
55599.4519745 139.886693896
55599.4523218 141.084980055
55599.452669 142.277116511
55599.4530162 143.461894367
55599.4533634 144.636914837
55599.4537106 145.800871589
55599.4540579 146.953108012
55599.4544051 148.08930807
55599.4547523 149.210599021
55599.4550995 150.83105355
55599.4554468 153.63934098
55599.455794 156.549949385
55599.4561412 158.087415036
55599.4564884 158.277741565
55599.4568356 156.95586892
55599.4571829 154.25457003
55599.4575301 150.62821168
55599.4578773 146.316256117
55599.4582245 141.498081985
55599.4585718 136.347688474
55599.458919 130.95883512
55599.4592662 125.386127931
55599.4596134 119.678087974
55599.4599606 113.867743094
55599.4603079 107.977569941
55599.4606551 102.031749362
55599.4610023 98.4225043884
55599.4613495 97.562335151
55599.4616968 98.3784305515
55599.462044 98.3198229662
55599.4623912 97.9489470112
55599.4627384 97.8297983366
55599.4630856 97.6830472056
55599.4634329 97.4185603986
55599.4637801 97.1569434019
55599.4641273 96.8619765276
55599.4644745 96.5249703457
55599.4648218 96.1600325174
55599.465169 95.7644267971
55599.4655162 95.3376975829
55599.4658634 94.8794810741
55599.4662106 94.3910499195
55599.4665579 93.8726969967
55599.4669051 93.3261752621
55599.4672523 92.7515083893
55599.4675995 92.1490100394
55599.4679468 91.5198987943
55599.468294 90.8637142373
55599.4686412 90.181197164
55599.4689884 89.4676998975
55599.4693356 88.7355238035
55599.4696829 87.9824492599
55599.4700301 87.2027488133
55599.4703773 86.4052051105
55599.4707245 85.5784663813
55599.4710718 84.7362796737
55599.471419 83.8738222449
55599.4717662 82.9893137297
55599.4721134 82.086336673
55599.4724606 81.1649117419
55599.4728079 80.2256966492
55599.4731551 79.2694485469
55599.4735023 78.2962130023
55599.4738495 77.3070133792
55599.4741968 76.3025418751
55599.474544 75.2833079457
55599.4748912 74.2495580012
55599.4752384 73.2024475383
55599.4755856 72.1420000502
55599.4759329 71.0692881575
55599.4762801 69.9849183295
55599.4766273 68.8886956531
55599.4769745 67.7824003834
55599.4773218 66.6647508921
55599.477669 65.5380673011
55599.4780162 64.4014560609
55599.4783634 63.2567399509
55599.4787106 62.1038321911
55599.4790579 60.942952368
55599.4794051 59.7744980796
55599.4797523 58.5999947682
55599.4800995 57.4195159323
55599.4804468 56.2328899271
55599.480794 55.0417962689
55599.4811412 53.8471662349
55599.4814884 52.6473959273
55599.4818356 51.4439078712
55599.4821829 50.239736018
55599.4825301 49.031180719
55599.4828773 47.8225957498
55599.4832245 46.6125003614
55599.4835718 45.4027372408
55599.483919 44.1945141195
55599.4842662 42.988063132
55599.4846134 41.7837506148
55599.4849606 40.5821928832
55599.4853079 39.3866489614
55599.4856551 38.1970995273
55599.4860023 37.013794238
55599.4863495 35.8392668615
55599.4866968 34.6748762085
55599.487044 33.5231838272
55599.4873882 32.3838774792
55599.4972989 22.422247678
55599.4976458 23.2574231032
55599.4979931 24.1435786433
55599.4983403 25.0739845275
55599.4986875 26.0448292866
55599.4990347 27.0492434893
55599.4993819 28.0843115438
55599.4997292 29.1468358598
55599.5000764 30.2324172203
55599.5004236 31.3376440042
55599.5007708 32.461997545
55599.5011181 33.6010977935
55599.5014653 34.7539930162
55599.5018125 35.9178946364
55599.5021597 37.0918306544
55599.5025069 38.2752882038
55599.5028542 39.4632448215
55599.5032014 40.6579824356
55599.5035486 41.8566052916
55599.5038958 43.0596203921
55599.5042431 44.2643307717
55599.5045903 45.4712518937
55599.5049375 46.6785767782
55599.5052847 47.8863218513
55599.5056319 49.0926226371
55599.5059792 50.2982599054
55599.5063264 51.5010415293
55599.5066736 52.7012855871
55599.5070208 53.8983927467
55599.5073681 55.0912014989
55599.5077153 56.2801595534
55599.5080625 57.4655290349
55599.5084097 58.6442151626
55599.5087569 59.8158890818
55599.5091042 60.9803374894
55599.5094514 62.1391960279
55599.5097986 63.2899270314
55599.5101458 64.4342713343
55599.5104931 65.5713276818
55599.5108403 66.6992995695
55599.5111875 67.8098014674
55599.5115347 68.9125993656
55599.5118819 70.0077732065
55599.5122292 71.0895226003
55599.5125764 72.1587814527
55599.5129236 73.2156576049
55599.5132708 74.2596594169
55599.5136181 75.2876669367
55599.5139653 76.3012116733
55599.5143125 77.301774952
55599.5146597 78.2883696936
55599.5150069 79.2576745069
55599.5153542 80.2088274545
55599.5157014 81.1449658773
55599.5160486 82.0620032952
55599.5163958 82.9603171068
55599.5167431 83.8416236877
55599.5170903 84.6996192724
55599.5174375 85.5391718749
55599.5177847 86.3591892331
55599.5181319 87.1525634835
55599.5184792 87.9266572042
55599.5188264 88.6778076476
55599.5191736 89.403462298
55599.5195208 90.1056911112
55599.5198681 90.7835725275
55599.5202153 91.4334612673
55599.5205625 92.0586865274
55599.5209097 92.6557239844
55599.5212569 93.2254507736
55599.5216042 95.3918007596
55599.5219514 100.439283811
55599.5222986 107.46675032
55599.5226458 113.718474474
55599.5229931 119.609266079
55599.5233403 125.869007342
55599.5236875 132.18295686
55599.5240347 138.413552917
55599.5243819 144.661706585
55599.5247292 150.922915811
55599.5250764 157.144893877
55599.5254236 163.288233792
55599.5257708 169.231474761
55599.5261181 174.3275435
55599.5264653 174.752149057
55599.5268125 169.933991137
55599.5271597 164.276563534
55599.5275069 161.067007223
55599.5278542 160.557144383
55599.5282014 161.596956081
55599.5285486 161.310369919
55599.5288958 160.519935737
55599.5292431 160.059550643
55599.5295903 159.520328954
55599.5299375 158.803165198
55599.5302847 158.040903679
55599.5306319 157.236365481
55599.5309792 156.36707324
55599.5313264 155.446830757
55599.5316736 154.489620408
55599.5320208 153.494573853
55599.5323681 152.465459742
55599.5327153 151.409341232
55599.5330625 150.32808331
55599.5334097 149.223251259
55599.5337569 148.102833227
55599.5341042 146.964407468
55599.5344514 145.810963268
55599.5347986 144.646255263
55599.5351458 143.471423435
55599.5354931 142.28857593
55599.5358403 141.098479695
55599.5361875 139.903677582
55599.5365347 138.707555979
55599.5368819 137.500425675
55599.5372292 136.289980488
55599.5375764 135.080629257
55599.5379236 133.870421394
55599.5382708 132.65859531
55599.5386181 131.447004725
55599.5389653 130.237465462
55599.5393125 129.031559991
55599.5396597 127.828219065
55599.5400069 126.627940558
55599.5403542 125.431438245
55599.5407014 124.235976488
55599.5410486 123.049002221
55599.5413958 121.870295704
55599.5417431 120.696041039
55599.5420903 119.528027662
55599.5424375 118.367837502
55599.5427847 117.210538328
55599.5431319 116.065048818
55599.5434792 114.931211471
55599.5438264 113.806695779
55599.5441736 112.687371238
55599.5445208 111.580752913
55599.5448681 110.486403701
55599.5452153 109.402182138
55599.5455625 108.330491616
55599.5459097 107.271211536
55599.5462569 106.227485698
55599.5466042 105.197963254
55599.5469514 104.177837027
55599.5472986 103.174264057
55599.5476458 102.186461032
55599.5479931 101.214104298
55599.5483403 100.258186579
55599.5486875 99.3197666617
55599.5490347 98.3984144749
55599.5493819 97.4949555931
55599.5497292 96.612407759
55599.5500764 95.7477966699
55599.5504236 94.903644667
55599.5507708 94.0817147973
55599.5511181 93.2788530893
55599.5514653 92.4983482781
55599.5518125 91.7418412517
55599.5521597 91.0089771518
55599.5525069 90.3012011289
55599.5528542 89.6163759542
55599.5532014 88.9566058972
55599.5535486 88.3238422748
55599.5538958 87.7170849741
55599.5542431 87.1374449958
55599.5545903 86.5859769671
55599.5549375 86.0626987131
55599.5552847 85.5684446114
55599.5556319 85.1035373836
55599.5559792 84.6684409714
55599.5563264 84.2646949959
55599.5566736 83.8907827234
55599.5570208 83.5483335852
55599.5573681 83.2387073135
55599.5577153 82.9597467457
55599.5580625 82.7147532927
55599.5584097 82.5022418313
55599.5587569 82.3225877488
55599.5591042 82.1761327764
55599.5594514 82.0636432004
55599.5597986 81.9852316864
55599.5601458 81.9396963478
55599.5604931 81.9291079487
55599.5608403 81.9513398681
55599.5611875 82.009050205
55599.5615347 82.0999822435
55599.5618819 82.2243586805
55599.562122 82.3817346765
55599.5625188 82.5394068263
55599.5628657 82.7565036715
55599.563213 83.0069796762
55599.5635602 83.2927957878
55599.5639074 83.6096952181
55599.5642546 83.9616488297
55599.5646019 84.3411243536
55599.5649491 84.7510230058
55599.5652963 85.1935760332
55599.5656435 85.6645385418
55599.5659907 86.1642368198
55599.566338 86.6944585617
55599.5666852 87.2533735056
55599.5670324 87.8432286975
55599.5673796 88.4556453261
55599.5677269 89.0938860672
55599.5680741 89.7602376273
55599.5684213 90.4505320327
55599.5687685 91.1654938775
55599.5691157 91.9053170255
55599.569463 92.6675410567
55599.5698102 93.4522199552
55599.5701574 94.2595086287
55599.5705046 95.0876031437
55599.5708519 95.9374278863
55599.5711991 96.8068211156
55599.5715463 97.6954862848
55599.5718935 98.6035785141
55599.5722407 99.5293815413
55599.572588 100.473722565
55599.5729352 101.434177813
55599.5732824 102.411233666
55599.5736296 103.405076385
55599.5739769 104.413873137
55599.5743241 105.437768922
55599.5746713 106.474911425
55599.5750185 107.526476806
55599.5753657 108.590109851
55599.575713 109.667292521
55599.5760602 110.755854375
55599.5764074 111.855441898
55599.5767546 112.966788132
55599.5771019 114.088327731
55599.5774491 115.218966299
55599.5777963 116.359315734
55599.5781435 117.508026455
55599.5784907 118.665922922
55599.578838 119.831187162
55599.5791852 121.0030573
55599.5795324 122.182082691
55599.5798796 123.367795943
55599.5802269 124.558141562
55599.5805741 125.753705919
55599.5809213 126.95474586
55599.5812685 128.157660379
55599.5816157 129.365185652
55599.581963 130.575335109
55599.5823102 131.787304457
55599.5826574 133.000108823
55599.5830046 134.213093754
55599.5833519 135.428035079
55599.5836991 136.638559637
55599.5840463 137.849159497
55599.5843935 139.058040124
55599.5847407 140.262002923
55599.585088 141.461600338
55599.5854352 142.655118121
55599.5857824 143.848299896
55599.5861296 145.016890809
55599.5864769 146.182160286
55599.5868241 147.337521138
55599.5871713 148.475666081
55599.5875185 149.597483342
55599.5878657 150.938141741
55599.588213 153.580793323
55599.5885602 156.617970045
55599.5889074 158.447630779
55599.5892546 158.846378833
55599.5896019 157.751527861
55599.5899491 155.178381443
55599.5902963 151.607593654
55599.5906435 147.334941089
55599.5909907 142.534690118
55599.591338 137.384920863
55599.5916852 131.991467904
55599.5920324 126.417764455
55599.5923796 120.707701434
55599.5927269 114.896274252
55599.5930741 109.002278638
55599.5934213 103.051004392
55599.5937685 98.5647375011
55599.5941157 97.0909830425
55599.594463 97.829594605
55599.5948102 97.9955227414
55599.5951574 97.5847312003
55599.5955046 97.4119099404
55599.5958519 97.2824962944
55599.5961991 97.0324578285
55599.5965463 96.7511184489
55599.5968935 96.4611768869
55599.5972407 96.1275597802
55599.597588 95.7589316905
55599.5979352 95.3609430987
55599.5982824 94.9333828559
55599.5986296 94.4744415081
55599.5989769 93.9826238948
55599.5993241 93.4610457323
55599.5996713 92.9154113436
55599.6000185 92.3403473994
55599.6003657 91.7374654163
55599.600713 91.1084309742
55599.6010602 90.4527539337
55599.6014074 89.7709146566
55599.6017546 89.0655546719
55599.6021019 88.3264579774
55599.6024491 87.5708494045
55599.6027963 86.7960363328
55599.6031435 85.9960262981
55599.6034907 85.1740272409
55599.603838 84.3316033048
55599.6041852 83.4690088589
55599.6045324 82.5868215833
55599.6048796 81.6842850482
55599.6052269 80.7647652253
55599.6055741 79.8257918454
55599.6059213 78.8708426928
55599.6062685 77.8989073064
55599.6066157 76.9107078772
55599.606963 75.9074632965
55599.6073102 74.8894657633
55599.6076574 73.8569002665
55599.6080046 72.81091136
55599.6083519 71.7525158587
55599.6086991 70.6802521414
55599.6090463 69.5983464175
55599.6093935 68.5035167056
55599.6097407 67.3975098932
55599.610088 66.2811454555
55599.6104352 65.1557748243
55599.6107824 64.0199939165
55599.6111296 62.8765699282
55599.6114769 61.7243862017
55599.6118241 60.5644169339
55599.6121713 59.3970886306
55599.6125185 58.2238929365
55599.6128657 57.0440267843
55599.613213 55.8581449526
55599.6135602 54.6678754004
55599.6139074 53.4733182426
55599.6142546 52.2743908489
55599.6146019 51.0717541342
55599.6149491 49.8667754381
55599.6152963 48.6594018081
55599.6156435 47.4503912499
55599.6159907 46.2401160825
55599.616338 45.0313842867
55599.6166852 43.822211929
55599.6170324 42.6150886739
55599.6173796 41.4108650063
55599.6177269 40.2083555576
55599.6180741 39.0116595602
55599.6184213 37.8213251958
55599.6187685 36.6370875279
55599.6191157 35.4603638205
55599.619463 34.2919317081
55599.6198102 33.1383829897
55599.6201574 31.9966502967
55599.6205046 30.8714602854
55599.6208519 29.7631887707
55599.6211991 28.6766422956
55599.6215463 27.612390922
55599.6218935 26.5754597408
55599.6222407 25.5701706872
55599.622588 24.5981615957
55599.6229352 23.6680680087
55599.6232824 22.7821388615
55599.6236296 21.9473812524
55599.6239769 21.1707283243
55599.6243241 20.4563325773
55599.6246713 19.8162040994
55599.6250185 19.2558097689
55599.6253657 18.7814702027
55599.625713 18.401659794
55599.6260602 18.1209337128
55599.6264074 17.9453836667
55599.6267546 17.8778908656
55599.6271019 17.9187665187
55599.6274491 18.0686784581
55599.6277963 18.3234400935
55599.6281435 18.6793349331
55599.628401 19.1313612397
55599.6288151 19.6331573567
55599.629162 20.2477352821
55599.6295093 20.9383256345
55599.6298565 21.6950225558
55599.6302037 22.5112376509
55599.6305509 23.3812001104
55599.6308981 24.297602351
55599.6312454 25.2557398992
55599.6315926 26.2501756838
55599.6319398 27.2765482294
55599.632287 28.331027096
55599.6326343 29.4088665675
55599.6329815 30.5098366258
55599.6333287 31.628910098
55599.6336759 32.7644857918
55599.6340231 33.9135833254
55599.6343704 35.076313965
55599.6347176 36.2465449177
55599.6350648 37.4257470245
55599.635412 38.61273377
55599.6357593 39.806822162
55599.6361065 41.0050748887
55599.6364537 42.2066548406
55599.6368009 43.411262761
55599.6371481 44.6171458813
55599.6374954 45.8246898916
55599.6378426 47.0322326861
55599.6381898 48.2391332334
55599.638537 49.4446746779
55599.6388843 50.6488213781
55599.6392315 51.8497015834
55599.6395787 53.0478890075
55599.6399259 54.2420124591
55599.6402731 55.4318942828
55599.6406204 56.618620968
55599.6409676 57.7994199063
55599.6413148 58.9712036881
55599.641662 60.1404363761
55599.6420093 61.3008003394
55599.6423565 62.4522250074
55599.6427037 63.5968525524
55599.6430509 64.7374628296
55599.6433981 65.8643884534
55599.6437454 66.9834032592
55599.6440926 68.0875869122
55599.6444398 69.1823569033
55599.644787 70.2688827159
55599.6451343 71.3417441151
55599.6454815 72.4016538872
55599.6458287 73.4495758357
55599.6461759 74.4808664057
55599.6465231 75.5000320297
55599.6468704 76.5058086058
55599.6472176 77.4964525189
55599.6475648 78.4713368099
55599.647912 79.428127794
55599.6482593 80.3699045553
55599.6486065 81.2936161292
55599.6489537 82.1978409869
55599.6493009 83.0841705207
55599.6496481 83.9508324521
55599.6499954 84.7978617578
55599.6503426 85.623052449
55599.6506898 86.426693674
55599.651037 87.2089053027
55599.6513843 87.9687521337
55599.6517315 88.7032554863
55599.6520787 89.4147995794
55599.6524259 90.1009354902
55599.6527731 90.7625436327
55599.6531204 91.3977097103
55599.6534676 92.005424726
55599.6538148 92.5870268729
55599.654162 93.1641419434
55599.6545093 95.879170803
55599.6548565 101.419991172
55599.6552037 108.447406603
55599.6555509 114.551324636
55599.6558981 120.498746085
55599.6562454 126.807077618
55599.6565926 133.112260959
55599.6569398 139.345208485
55599.657287 145.610438625
55599.6576343 151.882255351
55599.6579815 158.117485927
55599.6583287 164.284647977
55599.6586759 170.268146836
55599.6590231 175.331166658
55599.6593704 174.735878441
55599.6597176 169.433637461
55599.6600648 163.895675049
55599.660412 161.122895887
55599.6607593 160.983388287
55599.6611065 161.921425326
55599.6614537 161.394854672
55599.6618009 160.617070613
55599.6621481 160.13926969
55599.6624954 159.527841171
55599.6628426 158.767738376
55599.6631898 157.972698475
55599.663537 157.128647721
55599.6638843 156.228043591
55599.6642315 155.28058346
55599.6645787 154.296356455
55599.6649259 153.278631578
55599.6652731 152.22904889
55599.6656204 151.154870657
55599.6659676 150.057796779
55599.6663148 148.939986495
55599.666662 147.805703109
55599.6670093 146.655594455
55599.6673565 145.494845078
55599.6677037 144.328942062
55599.6680509 143.150606204
55599.6683981 141.958129751
55599.6687454 140.763356568
55599.6690926 139.561757553
55599.6694398 138.356720481
55599.669787 137.14920368
55599.6701343 135.935161861
55599.6704815 134.725469608
55599.6708287 133.515182388
55599.6711759 132.30471876
55599.6715231 131.096468057
55599.6718704 129.889005012
55599.6722176 128.684640782
55599.6725648 127.48364761
55599.672912 126.285941031
55599.6732593 125.092974535
55599.6736065 123.901084228
55599.6739537 122.718518765
55599.6743009 121.544495722
55599.6746481 120.375584798
55599.6749954 119.211537729
55599.6753426 118.051600891
55599.6756898 116.905933378
55599.676037 115.773382484
55599.6763843 114.643958302
55599.6767315 113.526808402
55599.6770787 112.414830103
55599.6774259 111.316105747
55599.6777731 110.222112933
55599.6781204 109.145943484
55599.6784676 108.086650376
55599.6788148 107.036630622
55599.679162 105.99964297
55599.6795093 104.981806806
55599.6798565 103.975028188
55599.6802037 102.980724857
55599.6805509 102.003480144
55599.6808981 101.042735277
55599.6812454 100.097861735
55599.6815926 99.1708818
55599.6819398 98.2627402437
55599.682287 97.3722431071
55599.6826343 96.5013396131
55599.6829815 95.6504077738
55599.6833287 94.8198488779
55599.6836759 94.0111264248
55599.6840231 93.2147174433
55599.6843704 92.4487396287
55599.6847176 91.7101844071
55599.6850648 90.9957668144
55599.685412 90.3040682371
55599.6857593 89.6338702195
55599.6861065 88.9895429972
55599.6864537 88.3732774341
55599.6868009 87.782704618
55599.6871481 87.218732317
55599.6874954 86.6843315809
55599.6878426 86.1775495435
55599.6881898 85.6996716601
55599.688537 85.252063458
55599.6888843 84.8340825513
55599.6892315 84.4470785625
55599.6895787 84.0909273498
55599.6899259 83.7664733185
55599.6902731 83.4794827324
55599.6906204 83.209342153
55599.6909676 82.9830555096
55599.6913148 82.7916588359
55599.691662 82.6285056078
55599.6920093 82.4996679847
55599.6923565 82.4045075173
55599.6927037 82.342798052
55599.6930509 82.3144909058
55599.6933981 82.320728712
55599.6937454 82.3599066713
55599.6940926 82.4335668018
55599.6944398 82.5370239492
55599.6946915 82.6768028351
55599.6950998 82.8331561648
55599.6954468 83.0358357827
55599.695794 83.2712313201
55599.6961412 83.5416924556
55599.6964884 83.8433336686
55599.6968356 84.1750647498
55599.6971829 84.5396788574
55599.6975301 84.9370968501
55599.6978773 85.3638395123
55599.6982245 85.8192429147
55599.6985718 86.3043968848
55599.698919 86.8203925388
55599.6992662 87.3634041419
55599.6996134 87.9328567348
55599.6999606 88.5311904644
55599.7003079 89.1585005435
55599.7006551 89.8122766598
55599.7010023 90.4928929879
55599.7013495 91.1914526338
55599.7016968 91.9180937383
55599.702044 92.6688101656
55599.7023912 93.4407237455
55599.7027384 94.2353340118
55599.7030856 95.0523681329
55599.7034329 95.8894194803
55599.7037801 96.7475222836
55599.7041273 97.6250165515
55599.7044745 98.5221183204
55599.7048218 99.4371833071
55599.705169 100.371088081
55599.7055162 101.321385696
55599.7058634 102.288719416
55599.7062106 103.272373702
55599.7065579 104.271456602
55599.7069051 105.285554842
55599.7072523 106.314609999
55599.7075995 107.356263553
55599.7079468 108.411755607
55599.708294 109.480103762
55599.7086412 110.56059181
55599.7089884 111.652916393
55599.7093356 112.756391139
55599.7096829 113.870591967
55599.7100301 114.994509466
55599.7103773 116.128410244
55599.7107245 117.271043837
55599.7110718 118.42289256
55599.711419 119.582739319
55599.7117662 120.749626707
55599.7121134 121.923783412
55599.7124606 123.105212042
55599.7128079 124.292148845
55599.7131551 125.483958272
55599.7135023 126.681375323
55599.7138495 127.882947685
55599.7141968 129.086356695
55599.714544 130.295459534
55599.7148912 131.505996694
55599.7152384 132.718280931
55599.7155856 133.932724865
55599.7159329 135.146234048
55599.7162801 136.36058694
55599.7166273 137.572811383
55599.7169745 138.783365601
55599.7173218 139.990201607
55599.717669 141.194150416
55599.7180162 142.391453114
55599.7183634 143.583898665
55599.7187106 144.765771972
55599.7190579 145.939276843
55599.7194051 147.101255177
55599.7197523 148.250763388
55599.7200995 149.38490071
55599.7204468 150.503974679
55599.720794 152.124745177
55599.7211412 154.949261718
55599.7214884 157.826053995
55599.7218356 159.216775101
55599.7221829 159.174037349
55599.7225301 157.552096231
55599.7228773 154.552579492
55599.7232245 150.678423954
55599.7235718 146.171201212
55599.723919 141.196689961
55599.7242662 135.927862974
55599.7246134 130.448024672
55599.7249606 124.802286557
55599.7253079 119.037796634
55599.7256551 113.181212361
55599.7260023 107.252038933
55599.7263495 101.275473724
55599.7266968 97.6454842676
55599.727044 96.7668863112
55599.7273912 97.5651764408
55599.7277384 97.4786118897
55599.7280856 97.0845800559
55599.7284329 96.9458355558
55599.7287801 96.7786807619
55599.7291273 96.4994549583
55599.7294745 96.2044619941
55599.7298218 95.8992962242
55599.730169 95.5513646896
55599.7305162 95.1661603444
55599.7308634 94.7526455459
55599.7312106 94.3108044437
55599.7315579 93.8385106482
55599.7319051 93.3350322154
55599.7322523 92.8033188433
55599.7325995 92.2420752466
55599.7329468 91.6536047172
55599.733294 91.0382498622
55599.7336412 90.396356063
55599.7339884 89.725937369
55599.7343356 89.0317172769
55599.7346829 88.3165552491
55599.7350301 87.5747417361
55599.7353773 86.8106621966
55599.7357245 86.0235475613
55599.7360718 85.215131825
55599.736419 84.3842882052
55599.7367662 83.5254563412
55599.7371134 82.6541417992
55599.7374606 81.7655798938
55599.7378079 80.8565907453
55599.7381551 79.9285404789
55599.7385023 78.984190052
55599.7388495 78.0227264795
55599.7391968 77.0441789352
55599.739544 76.0504943062
55599.7398912 75.0418416648
55599.7402384 74.0185464079
55599.7405856 72.981358933
55599.7409329 71.9311753436
55599.7412801 70.8673459949
55599.7416273 69.7917371246
55599.7419745 68.7052079144
55599.7423218 67.6061704226
55599.742669 66.4978189859
55599.7430162 65.3783610586
55599.7433634 64.2478433236
55599.7437106 63.1105663686
55599.7440579 61.9640723894
55599.7444051 60.8097906422
55599.7447523 59.6467351724
55599.7450995 58.478101491
55599.7454468 57.302387985
55599.745794 56.1223235091
55599.7461412 54.9360546853
55599.7464884 53.7435156381
55599.7468356 52.5468778727
55599.7471829 51.3468100329
55599.7475301 50.1426798737
55599.7478773 48.9362403832
55599.7482245 47.7289367814
55599.7485718 46.5190989479
55599.748919 45.3103005453
55599.7492662 44.1005493436
55599.7496134 42.8920114961
55599.7499606 41.686093487
55599.7503079 40.4823942928
55599.7506551 39.281821455
55599.7510023 38.0867126131
55599.7513495 36.8982084373
55599.7516968 35.7161896479
55599.752044 34.5411735296
55599.7523912 33.3773918498
55599.7527384 32.2278861259
55599.7530856 31.0914309727
55599.7534329 29.9705279316
55599.7537801 28.869849917
55599.7541273 27.7893894059
55599.7544745 26.7361706329
55599.7548218 25.7085132962
55599.755169 24.7156820916
55599.7555162 23.7593118304
55599.7558634 22.8454585282
55599.7562106 21.9796741115
55599.7565579 21.1684480135
55599.7569051 20.419276537
55599.7572523 19.7382109583
55599.7575995 19.1337585041
55599.7579468 18.6143951865
55599.758294 18.1855685149
55599.7586412 17.855982836
55599.7589884 17.6310113274
55599.7593356 17.511496642
55599.7596829 17.5054794806
55599.7600301 17.6102095275
55599.7603773 17.8227943463
55599.7607245 18.1408907354
55599.760982 18.5574508273
55599.7613961 19.030627707
55599.7617431 19.6192718099
55599.7620903 20.2860278235
55599.7624375 21.0224368293
55599.7627847 21.8226051512
55599.7631319 22.6780822548
55599.7634792 23.5821071219
55599.7638264 24.530701792
55599.7641736 25.5164222733
55599.7645208 26.5352845191
55599.7648681 27.5840814892
55599.7652153 28.6582730103
55599.7655625 29.7540273879
55599.7659097 30.8695588181
55599.7662569 31.9998503153
55599.7666042 33.1469588784
55599.7669514 34.3084333442
55599.7672986 35.4757765072
55599.7676458 36.6543599422
55599.7679931 37.8410351918
55599.7683403 39.0320707362
55599.7686875 40.2298651682
55599.7690347 41.4313342827
55599.7693819 42.6353643699
55599.7697292 43.840573518
55599.7700764 45.0471915982
55599.7704236 46.2488758352
55599.7707708 47.4568609703
55599.7711181 48.6645208702
55599.7714653 49.8701506208
55599.7718125 51.0729096638
55599.7721597 52.270864951
55599.7725069 53.4659763258
55599.7728542 54.6570702495
55599.7732014 55.8426720941
55599.7735486 57.0262803772
55599.7738958 58.2010211513
55599.7742431 59.366191242
55599.7745903 60.5288819334
55599.7749375 61.6878350672
55599.7752847 62.8347914939
55599.7756319 63.9697031385
55599.7759792 65.0988813968
55599.7763264 66.2250397721
55599.7766736 67.336066941
55599.7770208 68.4284186927
55599.7773681 69.5152371917
55599.7777153 70.5934665699
55599.7780625 71.6500969599
55599.7784097 72.7098129726
55599.7787569 73.7425599589
55599.7791042 74.7604761276
55599.7794514 75.7715396678
55599.7797986 76.7672085751
55599.7801458 77.7445415715
55599.7804931 78.7061604468
55599.7808403 79.6521920464
55599.7811875 80.5798365672
55599.7815347 81.4899165241
55599.7818819 82.382108018
55599.7822292 83.2529769318
55599.7825764 84.1060639609
55599.7829236 84.9371891781
55599.7832708 85.747425113
55599.7836181 86.5366753293
55599.7839653 87.3019403298
55599.7843125 88.0446218741
55599.7846597 88.7659365947
55599.7850069 89.4586136866
55599.7853542 90.1273872493
55599.7857014 90.7725967341
55599.7860486 91.3898369475
55599.7863958 91.9797026857
55599.7867431 92.543105311
55599.7870903 93.2977655914
55599.7874375 96.6904404746
55599.7877847 102.913652273
55599.7881319 109.808096066
55599.7884792 115.760259307
55599.7888264 121.811736951
55599.7891736 128.157766426
55599.7895208 134.439981414
55599.7898681 140.682475427
55599.7902153 146.963496925
55599.7905625 153.241678038
55599.7909097 159.485691319
55599.7912569 165.668505384
55599.7916042 171.675787994
55599.7919514 176.484391269
55599.7922986 174.181727531
55599.7926458 168.46937818
55599.7929931 163.337122882
55599.7933403 161.206788042
55599.7936875 161.531675187
55599.7940347 162.153499631
55599.7943819 161.385580872
55599.7947292 160.662816884
55599.7950764 160.148733381
55599.7954236 159.454821361
55599.7957708 158.650915809
55599.7961181 157.822696517
55599.7964653 156.943091169
55599.7968125 156.005782013
55599.7971597 155.029192844
55599.7975069 154.020001047
55599.7978542 152.977578931
55599.7982014 151.90774
55599.7985486 150.816114865
55599.7988958 149.701944385
55599.7992431 148.571332209
55599.7995903 147.423732709
55599.7999375 146.265033079
55599.8002847 145.095032137
55599.8006319 143.914281752
55599.8009792 142.726449679
55599.8013264 141.533639284
55599.8016736 140.336787794
55599.8020208 139.130653234
55599.8023681 137.922988956
55599.8027153 136.714079676
55599.8030625 135.504315418
55599.8034097 134.297777265
55599.8037569 133.086606682
55599.8041042 131.8762234
55599.8044514 130.669171807
55599.8047986 129.463053439
55599.8051458 128.26117881
55599.8054931 127.062601273
55599.8058403 125.868033819
55599.8061875 124.678980277
55599.8065347 123.495009437
55599.8068819 122.314954044
55599.8072292 121.143461683
55599.8075764 119.98231413
55599.8079236 118.825892717
55599.8082708 117.673533963
55599.8086181 116.52649025
55599.8089653 115.398417827
55599.8093125 114.278574454
55599.8096597 113.169118019
55599.8100069 112.066935373
55599.8103542 110.977075245
55599.8107014 109.900295566
55599.8110486 108.838373854
55599.8113958 107.785359759
55599.8117431 106.744202459
55599.8120903 105.717847284
55599.8124375 104.706559664
55599.8127847 103.7096044
55599.8131319 102.727868108
55599.8134792 101.759740574
55599.8138264 100.805370214
55599.8141736 99.8769655311
55599.8145208 98.9657939792
55599.8148681 98.0750764595
55599.8152153 97.1979832777
55599.8155625 96.3405761568
55599.8159097 95.5047514109
55599.8162569 94.688803306
55599.8166042 93.895259915
55599.8169514 93.1217930806
55599.8172986 92.3703934109
55599.8176458 91.6477472095
55599.8179931 90.946289306
55599.8183403 90.2675404394
55599.8186875 89.6161307756
55599.8190347 88.9901019199
55599.8193819 88.3901542416
55599.8197292 87.8180500447
55599.8200764 87.2727550586
55599.8204236 86.7560814164
55599.8207708 86.2680137108
55599.8211181 85.8091703669
55599.8214653 85.3806318442
55599.8218125 84.981847313
55599.8221597 84.6135060395
55599.8225069 84.2772546759
55599.8228542 83.9713800923
55599.8232014 83.6984242196
55599.8235486 83.4580515742
55599.8238958 83.2488175474
55599.8242431 83.0740088551
55599.8245903 82.9311984513
55599.8249375 82.8217821635
55599.8252847 82.7460622149
55599.8256319 82.7042800335
55599.8259792 82.694962808
55599.8263264 82.72050212
55599.8266736 82.7785544464
55599.8270208 82.870944512
55599.8272783 82.9955728244
55599.8276924 83.140010537
55599.8280394 83.3266786826
55599.8283866 83.5463957479
55599.8287338 83.8027449446
55599.829081 84.0897212924
55599.8294282 84.4081291298
55599.8297755 84.7581884839
55599.8301227 85.140752252
55599.8304699 85.5515850893
55599.8308171 85.9943559775
55599.8311644 86.4682052513
55599.8315116 86.9679839498
55599.8318588 87.4965824343
55599.832206 88.0549210225
55599.8325532 88.6404456858
55599.8329005 89.2512952138
55599.8332477 89.8897638633
55599.8335949 90.5534320583
55599.8339421 91.2458954144
55599.8342894 91.9617437606
55599.8346366 92.6981662684
55599.8349838 93.4581316562
55599.835331 94.2412603891
55599.8356782 95.0456830596
55599.8360255 95.8720729511
55599.8363727 96.7186446654
55599.8367199 97.585215024
55599.8370671 98.4722373328
55599.8374144 99.3768121346
55599.8377616 100.300556573
55599.8381088 101.241227919
55599.838456 102.199252499
55599.8388032 103.173763888
55599.8391505 104.16421159
55599.8394977 105.16966776
55599.8398449 106.190033197
55599.8401921 107.224033635
55599.8405394 108.271805049
55599.8408866 109.332499229
55599.8412338 110.405789967
55599.841581 111.491263625
55599.8419282 112.587889527
55599.8422755 113.695473441
55599.8426227 114.813733363
55599.8429699 115.941544847
55599.8433171 117.078654674
55599.8436644 118.224577086
55599.8440116 119.378954977
55599.8443588 120.54109152
55599.844706 121.710357995
55599.8450532 122.886989852
55599.8454005 124.070295333
55599.8457477 125.258813281
55599.8460949 126.45251315
55599.8464421 127.651409698
55599.8467894 128.853369837
55599.8471366 130.059597335
55599.8474838 131.26847023
55599.847831 132.479988047
55599.8481782 133.692988058
55599.8485255 134.906618335
55599.8488727 136.120547453
55599.8492199 137.333501668
55599.8495671 138.545672778
55599.8499144 139.755124955
55599.8502616 140.960549256
55599.8506088 142.16205402
55599.850956 143.358874947
55599.8513032 144.546990079
55599.8516505 145.726985104
55599.8519977 146.89609616
55599.8523449 148.054676605
55599.8526921 149.197848032
55599.8530394 150.325442478
55599.8533866 151.433682378
55599.8537338 153.474735799
55599.854081 156.446456853
55599.8544282 158.959841264
55599.8547755 159.858844698
55599.8551227 159.280064866
55599.8554699 157.08230766
55599.8558171 153.669232952
55599.8561644 149.496779596
55599.8565116 144.760824726
55599.8568588 139.629318663
55599.857206 134.245275312
55599.8575532 128.675512392
55599.8579005 122.961081547
55599.8582477 117.143059732
55599.8585949 111.244805091
55599.8589421 105.286149319
55599.8592894 99.5108199421
55599.8596366 96.7393894569
55599.8599838 96.5663943541
55599.860331 97.2279884749
55599.8606782 96.9264765783
55599.8610255 96.588905885
55599.8613727 96.4653029431
55599.8617199 96.2523782173
55599.8620671 95.9516745105
55599.8624144 95.6470616864
55599.8627616 95.3196208804
55599.8631088 94.9534002169
55599.863456 94.5556711872
55599.8638032 94.1260881364
55599.8641505 93.6679715083
55599.8644977 93.1779616866
55599.8648449 92.6593055093
55599.8651921 92.1132063955
55599.8655394 91.5391102358
55599.8658866 90.9371621259
55599.8662338 90.3067363094
55599.866581 89.6516973256
55599.8669282 88.972828228
55599.8672755 88.2687154355
55599.8676227 87.5399224854
55599.8679699 86.787379705
55599.8683171 86.0138325914
55599.8686644 85.2158273662
55599.8690116 84.397493557
55599.8693588 83.5578455663
55599.869706 82.6925980537
55599.8700532 81.8116035833
55599.8704005 80.9150256087
55599.8707477 79.9976440114
55599.8710949 79.063374034
55599.8714421 78.1106236787
55599.8717894 77.1425351085
55599.8721366 76.1581673094
55599.8724838 75.158058547
55599.872831 74.1433269048
55599.8731782 73.1141534232
55599.8735255 72.0714881827
55599.8738727 71.016116464
55599.8742199 69.9472265604
55599.8745671 68.8668187732
55599.8749144 67.7751992604
55599.8752616 66.6722829532
55599.8756088 65.5597189031
55599.875956 64.4369010075
55599.8763032 63.3043002936
55599.8766505 62.1636054313
55599.8769977 61.0139253505
55599.8773449 59.8562932676
55599.8776921 58.6909056691
55599.8780394 57.5200279348
55599.8783866 56.3426111098
55599.8787338 55.158587572
55599.879081 53.9706683719
55599.8794282 52.7776232369
55599.8797755 51.5800285191
55599.8801227 50.3792976057
55599.8804699 49.175001229
55599.8808171 47.9702367799
55599.8811644 46.763159997
55599.8815116 45.5525811928
55599.8818588 44.3434993621
55599.882206 43.1342641549
55599.8825532 41.9266091069
55599.8829005 40.7218567451
55599.8832477 39.51721521
55599.8835949 38.3192112976
55599.8839421 37.1264538821
55599.8842894 35.9391247421
55599.8846366 34.7605031616
55599.8849838 33.5908299846
55599.885331 32.4310682072
55599.8856782 31.2845357437
55599.8860255 30.1545029555
55599.8863727 29.0410045772
55599.8867199 27.9469017464
55599.8870671 26.8766384879
55599.8874144 25.8318692684
55599.8877616 24.8181531672
55599.8881088 23.838953795
55599.888456 22.9002549874
55599.8888032 22.0054987643
55599.8891505 21.1638709128
55599.8894977 20.379967709
55599.8898449 19.6614122192
55599.8901921 19.0174626365
55599.8905394 18.4540839384
55599.8908866 17.9806736851
55599.8912338 17.6048075347
55599.891581 17.3316108562
55599.8919282 17.1678033813
55599.8922755 17.1156029533
55599.8926227 17.1763389449
55599.8929699 17.3492599131
55599.8933171 17.6292509879
55599.8935746 18.012242882
55599.8939887 18.4569293475
55599.8943356 19.0190168582
55599.8946829 19.6639527692
55599.8950301 20.3829277406
55599.8953773 21.165685949
55599.8957245 22.0078010926
55599.8960718 22.9019740043
55599.896419 23.8398239479
55599.8967662 24.8185461563
55599.8971134 25.8321219087
55599.8974606 26.8743201641
55599.8978079 27.9447179245
55599.8981551 29.0370186411
55599.8985023 30.1492075899
55599.8988495 31.2775951204
55599.8991968 32.4232195057
55599.899544 33.5809806665
55599.8998912 34.7480814637
55599.9002384 35.9261612674
55599.9005856 37.1113177964
55599.9009329 38.3012892919
55599.9012801 39.4985555354
55599.9016273 40.6999927077
55599.9019745 41.9035034356
55599.9023218 43.108877143
55599.902669 44.3156275531
55599.9030162 45.5185891049
55599.9033634 46.7242854566
55599.9037106 47.9324129981
55599.9040579 49.1362264576
55599.9044051 50.3387663743
55599.9047523 51.5393033764
55599.9050995 52.7347127048
55599.9054468 53.9256238897
55599.905794 55.112110995
55599.9061412 56.2931997116
55599.9064884 57.4691414433
55599.9068356 58.6401742745
55599.9071829 59.8023598058
55599.9075301 60.9564859732
55599.9078773 62.1037167571
55599.9082245 63.2481746843
55599.9085718 64.3778004379
55599.908919 65.4970034161
55599.9092662 66.6104467545
55599.9096134 67.7104159844
55599.9099606 68.7972580494
55599.9103079 69.8752428637
55599.9106551 70.9427979939
55599.9110023 71.9954522953
55599.9113495 73.0354412952
55599.9116968 74.0704284193
55599.912044 75.0818008956
55599.9123912 76.0757823055
55599.9127384 77.0576029435
55599.9130856 78.0202763884
55599.9134329 78.9658501653
55599.9137801 79.9001727295
55599.9141273 80.8149599557
55599.9144745 81.7094173093
55599.9148218 82.5870716881
55599.915169 83.4437061
55599.9155162 84.2801997294
55599.9158634 85.0975079688
55599.9162106 85.8905755077
55599.9165579 86.662894047
55599.9169051 87.4131107488
55599.9172523 88.1374409217
55599.9175995 88.8389954954
55599.9179468 89.5183540712
55599.918294 90.1678508587
55599.9186412 90.7917008787
55599.9189884 91.392011669
55599.9193356 91.963134581
55599.9196829 92.5064573267
55599.9200301 93.7489941321
55599.9203773 97.854023495
55599.9207245 104.657103958
55599.9210718 111.30591622
55599.921419 117.180939638
55599.9217662 123.349389191
55599.9221134 129.703159117
55599.9224606 135.966607976
55599.9228079 142.224341055
55599.9231551 148.515614379
55599.9235023 154.798163561
55599.9238495 161.048456937
55599.9241968 167.247753616
55599.924544 173.265820542
55599.924732 177.38618751
55599.940042 121.137162205
55599.9403889 119.978881381
55599.9407361 118.824956258
55599.9410833 117.681402377
55599.9414306 116.547092051
55599.9417778 115.420803921
55599.942125 114.300875418
55599.9424722 113.196823525
55599.9428194 112.098654368
55599.9431667 111.013522104
55599.9435139 109.936460795
55599.9438611 108.874511303
55599.9442083 107.829035871
55599.9445556 106.79474803
55599.9449028 105.774040003
55599.94525 104.768496722
55599.9455972 103.778851604
55599.9459444 102.803708576
55599.9462917 101.845432505
55599.9466389 100.905080241
55599.9469861 99.9836535983
55599.9473333 99.0766505186
55599.9476806 98.1873532587
55599.9480278 97.3186476975
55599.948375 96.4702786886
55599.9487222 95.6406200648
55599.9490694 94.8333965839
55599.9494167 94.0478651437
55599.9497639 93.295170479
55599.9501111 92.533493583
55599.9504583 91.8201859373
55599.9508056 91.134097167
55599.9511528 90.4630860032
55599.9515 89.8183582657
55599.9518472 89.2021234645
55599.9521944 88.6115934042
55599.9525417 88.0472370273
55599.9528889 87.5108534968
55599.9532361 87.0035994822
55599.9535833 86.5244945817
55599.9539306 86.0743717557
55599.9542778 85.6544829883
55599.954625 85.2681363437
55599.9549722 84.9162755773
55599.9553194 84.577527604
55599.9556667 84.2786693397
55599.9560139 84.0170018589
55599.9563611 83.7850650362
55599.9567083 83.5841547052
55599.9570556 83.4175904966
55599.9574028 83.2829544924
55599.95775 83.1822946807
55599.9580972 83.1144578299
55599.9584444 83.0806705286
55599.9587917 83.0792550461
55599.9591389 83.111886998
55599.9594861 83.175369163
55599.9598333 83.269602204
55599.9601806 83.4025419399
55599.9605278 83.5689215871
55599.960875 83.7671859168
55599.9612222 83.9984846922
55599.9615694 84.2607959685
55599.9619167 84.555658203
55599.9622639 84.8821723496
55599.9626111 85.2393166623
55599.9629583 85.6287129574
55599.9633056 86.0483998402
55599.9636528 86.4957712288
55599.964 86.9742201899
55599.9643472 87.480877104
55599.9646944 88.0153141395
55599.9650417 88.5786238078
55599.9653889 89.1686032993
55599.9657361 89.7879975045
55599.9660833 90.4313233791
55599.9664306 91.0992218814
55599.9667778 91.7920432548
55599.967125 92.5101335932
55599.9674722 93.2565820193
55599.9678194 94.0215955168
55599.9681667 94.8059398062
55599.9685139 95.6147963979
55599.9688611 96.4442454808
55599.9692083 97.2938407091
55599.9695556 98.1634482523
55599.9699028 99.0518687259
55599.97025 99.9598140327
55599.9705972 100.884668994
55599.9709444 101.828393866
55599.9712917 102.788417436
55599.9716389 103.765161609
55599.9719861 104.757173782
55599.9723333 105.763952138
55599.9726806 106.785559358
55599.9730278 107.821008906
55599.973375 108.870247093
55599.9737222 109.932046029
55599.9740694 111.006528789
55599.9744167 112.092599005
55599.9747639 113.189658247
55599.9751111 114.298554789
55599.9754583 115.417581388
55599.9758056 116.545357732
55599.9761528 117.682821568
55599.9765 118.830026161
55599.9768472 119.98501456
55599.9771944 121.147393395
55599.9775417 122.317424363
55599.9778889 123.494591918
55599.9782361 124.67781122
55599.9785833 125.865939078
55599.9789306 127.060200012
55599.9792778 128.259183204
55599.979625 129.460119552
55599.9799722 130.666795615
55599.9803194 131.875631452
55599.9806667 133.087210925
55599.9810139 134.300304919
55599.9813611 135.513385061
55599.9817083 136.72811046
55599.9820556 137.940429002
55599.9824028 139.152717513
55599.98275 140.361014407
55599.9830972 141.567387047
55599.9834444 142.768176757
55599.9837917 143.964323269
55599.9841389 145.151933932
55599.9844861 146.331999902
55599.9848333 147.500824429
55599.9851806 148.659549749
55599.9855278 149.80197611
55599.985875 150.928405079
55599.9862222 152.035675771
55599.9865694 154.025886934
55599.9869167 156.986654765
55599.9872639 159.514218343
55599.9876111 160.362967624
55599.9879583 159.693753343
55599.9883056 157.38247608
55599.9886528 153.856792637
55599.989 149.600791223
55599.9893472 144.797364916
55599.9896944 139.612762245
55599.9900417 134.18672826
55599.9903889 128.581861377
55599.9907361 122.840985981
55599.9910833 116.999360877
55599.9914306 111.083083467
55599.9917778 105.109538132
55599.992125 99.2771059875
55599.9924722 96.4001111072
55599.9926834 96.1253892165
