55599.0859331 44.2305911019
55599.0862801 43.0304649802
55599.0866273 41.8309055994
55599.0869745 40.6387312303
55599.0873218 39.450912955
55599.087669 38.2711369324
55599.0880162 37.0999806655
55599.0883634 35.9396157831
55599.0887106 34.7917457213
55599.0890579 33.6563951032
55599.0894051 32.5392664825
55599.0897523 31.4366869981
55599.0900995 30.3581061163
55599.0904468 29.3022663686
55599.090794 28.2736682641
55599.0911412 27.2758248022
55599.0914884 26.3113883383
55599.0918356 25.3878131068
55599.0921829 24.5059826237
55599.0925301 23.6745250091
55599.0928773 22.8977061004
55599.0932245 22.181344175
55599.0935718 21.5338397606
55599.093919 20.9593976576
55599.0942662 20.4655837635
55599.0946134 20.0596349013
55599.0949606 19.7449664411
55599.0953079 19.5278522158
55599.0956551 19.4113806966
55599.0960023 19.3965420187
55599.0963495 19.4846105607
55599.0966968 19.6735886104
55599.097044 19.9604798438
55599.0973912 20.3413887507
55599.0977384 20.8095709245
55599.0980856 21.3597985791
55599.0984329 21.9884314107
55599.0987801 22.6860946692
55599.0991273 23.4449328979
55599.0994745 24.2624279681
55599.0998218 25.1290746416
55599.100169 26.0411204388
55599.1005162 26.9947003965
55599.1008634 27.9825089728
55599.1012106 29.002174618
55599.1015579 30.0505754447
55599.1019051 31.1226890625
55599.1022523 32.2168205342
55599.1025995 33.3293192027
55599.1029468 34.4591102065
55599.103294 35.6030937558
55599.1036412 36.7605347394
55599.1039884 37.9256564916
55599.1043356 39.1004069751
55599.1046829 40.2844139414
55599.1050301 41.4756607776
55599.1053773 42.671562102
55599.1057245 43.8711552403
55599.1060718 45.0740679734
55599.106419 46.2803747736
55599.1067662 47.486766789
55599.1071134 48.6939797849
55599.1074606 49.9019637543
55599.1078079 51.1071082826
55599.1081551 52.3109216324
55599.1085023 53.5144221215
55599.1088495 54.7147168431
55599.1091968 55.9117605138
55599.109544 57.105838466
55599.1098912 58.2929824323
55599.1102384 59.4753734593
55599.224903 24.2098291501
55599.22525 23.3711751308
55599.2255972 22.5860843511
55599.2259444 21.8607713309
55599.2262917 21.203718939
55599.2266389 20.6200659541
55599.2269861 20.1180488671
55599.2273333 19.7037640766
55599.2276806 19.3818211399
55599.2280278 19.1587576264
55599.228375 19.0370358627
55599.2287222 19.0189792318
55599.2290694 19.1052617656
55599.2294167 19.2935025133
55599.2297639 19.5812708648
55599.2301111 19.964760827
55599.2304583 20.4359697218
55599.2308056 20.9909705516
55599.2311528 21.6241178715
55599.2315 22.3259117159
55599.2318472 23.0927465972
55599.2321944 23.9157315535
55599.2325417 24.7874004106
55599.2328889 25.7051232654
55599.2332361 26.6636257321
55599.2335833 27.65634662
55599.2339306 28.6809600783
55599.2342778 29.7332936391
55599.234625 30.8088887425
55599.2349722 31.9065674786
55599.2353194 33.0246695718
55599.2356667 34.1548844856
55599.2360139 35.3011075663
55599.2363611 36.4591083645
55599.2367083 37.6280166426
55599.2370556 38.8051646341
55599.2374028 39.9911129594
55599.23775 41.1832083452
55599.2380972 42.3799848316
55599.2384444 43.5804675597
55599.2387917 44.7838875199
55599.2391389 45.9871731777
55599.2394861 47.1918314522
55599.2398333 48.4010518719
55599.2401806 49.6096345345
55599.2405278 50.8165194705
55599.240875 52.0219232095
55599.2412222 53.224016434
55599.2415694 54.4232492234
55599.2419167 55.6187204843
55599.2422639 56.8116567394
55599.2426111 57.9997810967
55599.2429583 59.1804763786
55599.34685 59.3330028608
55599.3632711 20.2033732224
55599.3636181 20.7843550734
55599.3639653 21.4418670536
55599.3643125 22.1679776366
55599.3646597 22.954777984
55599.3650069 23.7989981562
55599.3653542 24.6908682761
55599.3657014 25.6250186895
55599.3660486 26.5992880601
55599.3663958 27.6059358211
55599.3667431 28.6433500825
55599.3670903 29.7072843874
55599.3674375 30.7943820697
55599.3677847 31.8999313802
55599.3681319 33.0248257333
55599.3684792 34.16437536
55599.3688264 35.3172726727
55599.3691736 36.4813841116
55599.3695208 37.6562305879
55599.3698681 38.8357799732
55599.3702153 40.0250139555
55599.3705625 41.2197043408
55599.3709097 42.4188860414
55599.3712569 43.6205025532
55599.3716042 44.824408041
55599.3719514 46.0310368363
55599.3722986 47.2382435434
55599.3726458 48.4457283291
55599.3729931 49.6524049016
55599.3733403 50.8577434486
55599.3736875 52.0604026515
55599.3740347 53.2610197739
55599.3743819 54.4581276243
55599.3747292 55.6521935185
55599.3750764 56.8433794137
55599.3754236 58.0257265935
55599.3757708 59.2039962713
55599.4794051 59.7744980796
55599.4797523 58.5999947682
55599.4800995 57.4195159323
55599.4804468 56.2328899271
55599.480794 55.0417962689
55599.4811412 53.8471662349
55599.4814884 52.6473959273
55599.4818356 51.4439078712
55599.4821829 50.239736018
55599.4825301 49.031180719
55599.4828773 47.8225957498
55599.4832245 46.6125003614
55599.4835718 45.4027372408
55599.483919 44.1945141195
55599.4842662 42.988063132
55599.4846134 41.7837506148
55599.4849606 40.5821928832
55599.4853079 39.3866489614
55599.4856551 38.1970995273
55599.4860023 37.013794238
55599.4863495 35.8392668615
55599.4866968 34.6748762085
55599.487044 33.5231838272
55599.4873882 32.3838774792
55599.4972989 22.422247678
55599.4976458 23.2574231032
55599.4979931 24.1435786433
55599.4983403 25.0739845275
55599.4986875 26.0448292866
55599.4990347 27.0492434893
55599.4993819 28.0843115438
55599.4997292 29.1468358598
55599.5000764 30.2324172203
55599.5004236 31.3376440042
55599.5007708 32.461997545
55599.5011181 33.6010977935
55599.5014653 34.7539930162
55599.5018125 35.9178946364
55599.5021597 37.0918306544
55599.5025069 38.2752882038
55599.5028542 39.4632448215
55599.5032014 40.6579824356
55599.5035486 41.8566052916
55599.5038958 43.0596203921
55599.5042431 44.2643307717
55599.5045903 45.4712518937
55599.5049375 46.6785767782
55599.5052847 47.8863218513
55599.5056319 49.0926226371
55599.5059792 50.2982599054
55599.5063264 51.5010415293
55599.5066736 52.7012855871
55599.5070208 53.8983927467
55599.5073681 55.0912014989
55599.5077153 56.2801595534
55599.5080625 57.4655290349
55599.5084097 58.6442151626
55599.5087569 59.8158890818
55599.6121713 59.3970886306
55599.6125185 58.2238929365
55599.6128657 57.0440267843
55599.613213 55.8581449526
55599.6135602 54.6678754004
55599.6139074 53.4733182426
55599.6142546 52.2743908489
55599.6146019 51.0717541342
55599.6149491 49.8667754381
55599.6152963 48.6594018081
55599.6156435 47.4503912499
55599.6159907 46.2401160825
55599.616338 45.0313842867
55599.6166852 43.822211929
55599.6170324 42.6150886739
55599.6173796 41.4108650063
55599.6177269 40.2083555576
55599.6180741 39.0116595602
55599.6184213 37.8213251958
55599.6187685 36.6370875279
55599.6191157 35.4603638205
55599.619463 34.2919317081
55599.6198102 33.1383829897
55599.6201574 31.9966502967
55599.6205046 30.8714602854
55599.6208519 29.7631887707
55599.6211991 28.6766422956
55599.6215463 27.612390922
55599.6218935 26.5754597408
55599.6222407 25.5701706872
55599.622588 24.5981615957
55599.6229352 23.6680680087
55599.6232824 22.7821388615
55599.6236296 21.9473812524
55599.6239769 21.1707283243
55599.6243241 20.4563325773
55599.6246713 19.8162040994
55599.6250185 19.2558097689
55599.6253657 18.7814702027
55599.625713 18.401659794
55599.6260602 18.1209337128
55599.6264074 17.9453836667
55599.6267546 17.8778908656
55599.6271019 17.9187665187
55599.6274491 18.0686784581
55599.6277963 18.3234400935
55599.6281435 18.6793349331
55599.628401 19.1313612397
55599.6288151 19.6331573567
55599.629162 20.2477352821
55599.6295093 20.9383256345
55599.6298565 21.6950225558
55599.6302037 22.5112376509
55599.6305509 23.3812001104
55599.6308981 24.297602351
55599.6312454 25.2557398992
55599.6315926 26.2501756838
55599.6319398 27.2765482294
55599.632287 28.331027096
55599.6326343 29.4088665675
55599.6329815 30.5098366258
55599.6333287 31.628910098
55599.6336759 32.7644857918
55599.6340231 33.9135833254
55599.6343704 35.076313965
55599.6347176 36.2465449177
55599.6350648 37.4257470245
55599.635412 38.61273377
55599.6357593 39.806822162
55599.6361065 41.0050748887
55599.6364537 42.2066548406
55599.6368009 43.411262761
55599.6371481 44.6171458813
55599.6374954 45.8246898916
55599.6378426 47.0322326861
55599.6381898 48.2391332334
55599.638537 49.4446746779
55599.6388843 50.6488213781
55599.6392315 51.8497015834
55599.6395787 53.0478890075
55599.6399259 54.2420124591
55599.6402731 55.4318942828
55599.6406204 56.618620968
55599.6409676 57.7994199063
55599.6413148 58.9712036881
55599.7447523 59.6467351724
55599.7450995 58.478101491
55599.7454468 57.302387985
55599.745794 56.1223235091
55599.7461412 54.9360546853
55599.7464884 53.7435156381
55599.7468356 52.5468778727
55599.7471829 51.3468100329
55599.7475301 50.1426798737
55599.7478773 48.9362403832
55599.7482245 47.7289367814
55599.7485718 46.5190989479
55599.748919 45.3103005453
55599.7492662 44.1005493436
55599.7496134 42.8920114961
55599.7499606 41.686093487
55599.7503079 40.4823942928
55599.7506551 39.281821455
55599.7510023 38.0867126131
55599.7513495 36.8982084373
55599.7516968 35.7161896479
55599.752044 34.5411735296
55599.7523912 33.3773918498
55599.7527384 32.2278861259
55599.7530856 31.0914309727
55599.7534329 29.9705279316
55599.7537801 28.869849917
55599.7541273 27.7893894059
55599.7544745 26.7361706329
55599.7548218 25.7085132962
55599.755169 24.7156820916
55599.7555162 23.7593118304
55599.7558634 22.8454585282
55599.7562106 21.9796741115
55599.7565579 21.1684480135
55599.7569051 20.419276537
55599.7572523 19.7382109583
55599.7575995 19.1337585041
55599.7579468 18.6143951865
55599.758294 18.1855685149
55599.7586412 17.855982836
55599.7589884 17.6310113274
55599.7593356 17.511496642
55599.7596829 17.5054794806
55599.7600301 17.6102095275
55599.7603773 17.8227943463
55599.7607245 18.1408907354
55599.760982 18.5574508273
55599.7613961 19.030627707
55599.7617431 19.6192718099
55599.7620903 20.2860278235
55599.7624375 21.0224368293
55599.7627847 21.8226051512
55599.7631319 22.6780822548
55599.7634792 23.5821071219
55599.7638264 24.530701792
55599.7641736 25.5164222733
55599.7645208 26.5352845191
55599.7648681 27.5840814892
55599.7652153 28.6582730103
55599.7655625 29.7540273879
55599.7659097 30.8695588181
55599.7662569 31.9998503153
55599.7666042 33.1469588784
55599.7669514 34.3084333442
55599.7672986 35.4757765072
55599.7676458 36.6543599422
55599.7679931 37.8410351918
55599.7683403 39.0320707362
55599.7686875 40.2298651682
55599.7690347 41.4313342827
55599.7693819 42.6353643699
55599.7697292 43.840573518
55599.7700764 45.0471915982
55599.7704236 46.2488758352
55599.7707708 47.4568609703
55599.7711181 48.6645208702
55599.7714653 49.8701506208
55599.7718125 51.0729096638
55599.7721597 52.270864951
55599.7725069 53.4659763258
55599.7728542 54.6570702495
55599.7732014 55.8426720941
55599.7735486 57.0262803772
55599.7738958 58.2010211513
55599.7742431 59.366191242
55599.8773449 59.8562932676
55599.8776921 58.6909056691
55599.8780394 57.5200279348
55599.8783866 56.3426111098
55599.8787338 55.158587572
55599.879081 53.9706683719
55599.8794282 52.7776232369
55599.8797755 51.5800285191
55599.8801227 50.3792976057
55599.8804699 49.175001229
55599.8808171 47.9702367799
55599.8811644 46.763159997
55599.8815116 45.5525811928
55599.8818588 44.3434993621
55599.882206 43.1342641549
55599.8825532 41.9266091069
55599.8829005 40.7218567451
55599.8832477 39.51721521
55599.8835949 38.3192112976
55599.8839421 37.1264538821
55599.8842894 35.9391247421
55599.8846366 34.7605031616
55599.8849838 33.5908299846
55599.885331 32.4310682072
55599.8856782 31.2845357437
55599.8860255 30.1545029555
55599.8863727 29.0410045772
55599.8867199 27.9469017464
55599.8870671 26.8766384879
55599.8874144 25.8318692684
55599.8877616 24.8181531672
55599.8881088 23.838953795
55599.888456 22.9002549874
55599.8888032 22.0054987643
55599.8891505 21.1638709128
55599.8894977 20.379967709
55599.8898449 19.6614122192
55599.8901921 19.0174626365
55599.8905394 18.4540839384
55599.8908866 17.9806736851
55599.8912338 17.6048075347
55599.891581 17.3316108562
55599.8919282 17.1678033813
55599.8922755 17.1156029533
55599.8926227 17.1763389449
55599.8929699 17.3492599131
55599.8933171 17.6292509879
55599.8935746 18.012242882
55599.8939887 18.4569293475
55599.8943356 19.0190168582
55599.8946829 19.6639527692
55599.8950301 20.3829277406
55599.8953773 21.165685949
55599.8957245 22.0078010926
55599.8960718 22.9019740043
55599.896419 23.8398239479
55599.8967662 24.8185461563
55599.8971134 25.8321219087
55599.8974606 26.8743201641
55599.8978079 27.9447179245
55599.8981551 29.0370186411
55599.8985023 30.1492075899
55599.8988495 31.2775951204
55599.8991968 32.4232195057
55599.899544 33.5809806665
55599.8998912 34.7480814637
55599.9002384 35.9261612674
55599.9005856 37.1113177964
55599.9009329 38.3012892919
55599.9012801 39.4985555354
55599.9016273 40.6999927077
55599.9019745 41.9035034356
55599.9023218 43.108877143
55599.902669 44.3156275531
55599.9030162 45.5185891049
55599.9033634 46.7242854566
55599.9037106 47.9324129981
55599.9040579 49.1362264576
55599.9044051 50.3387663743
55599.9047523 51.5393033764
55599.9050995 52.7347127048
55599.9054468 53.9256238897
55599.905794 55.112110995
55599.9061412 56.2931997116
55599.9064884 57.4691414433
55599.9068356 58.6401742745
55599.9071829 59.8023598058
