55597.0953082 47.047762658
55597.0956551 45.8703937373
55597.0960023 44.7011788607
55597.0963495 43.5416495786
55597.0966968 42.3932808126
55597.097044 41.2583732874
55597.0973912 40.1371833583
55597.0977384 39.032190811
55597.0980856 37.9461466544
55597.0984329 36.881734187
55597.0987801 35.8375745472
55597.0991273 34.8209391087
55597.0994745 33.8322853417
55597.0998218 32.874294559
55597.100169 31.9517751617
55597.1005162 31.066141234
55597.1008634 30.2227608167
55597.1012106 29.4256548961
55597.1015579 28.6775532718
55597.1019051 27.9844769244
55597.1022523 27.3494774334
55597.1025995 26.7781562955
55597.1029468 26.2742188465
55597.103294 25.8415942524
55597.1036412 25.4849441211
55597.1039884 25.2075870894
55597.1043356 25.0110813093
55597.1046829 24.8989332874
55597.1050301 24.8718758474
55597.1053773 24.9295481066
55597.1057245 25.0720624396
55597.1060718 25.2978807518
55597.106419 25.6046572279
55597.1067662 25.987981051
55597.1071134 26.4470823077
55597.1074606 26.9757123331
55597.1078079 27.5700590105
55597.1081551 28.2268277003
55597.1085023 28.9400526466
55597.1088495 29.7060180276
55597.1091968 30.5211084156
55597.109544 31.379479685
55597.1098912 32.2782654639
55597.1102384 33.2146984379
55597.1105856 34.1834423312
55597.1109329 35.1842356413
55597.1112801 36.2084979017
55597.1116273 37.2555052895
55597.1119745 38.3300065489
55597.1123218 39.4230524454
55597.112669 40.5334418529
55597.1130162 41.6584353164
55597.1133634 42.7985605952
55597.1137106 43.950492259
55597.1140579 45.1138847336
55597.1144051 46.2864664496
55597.1147523 47.4658641354
55597.1150995 48.6530437376
55597.1154468 49.8467456987
55597.115794 51.0453528419
55597.1161412 52.2473611548
55597.1164884 53.4520832504
55597.1168356 54.659282329
55597.1171829 55.8662948973
55597.1175301 57.0754444425
55597.1178773 58.2842556951
55597.1182245 59.4930231053
55597.23466 27.6029117909
55597.2350069 26.9693880943
55597.2353542 26.3990007428
55597.2357014 25.8963409514
55597.2360486 25.4662336302
55597.2363958 25.1126403208
55597.2367431 24.8390952958
55597.2370903 24.6477156025
55597.2374375 24.5413532968
55597.2377847 24.5209447077
55597.2381319 24.5865302821
55597.2384792 24.7369597925
55597.2388264 24.9718409161
55597.2391736 25.287718698
55597.2395208 25.6811011736
55597.2398681 26.1496864262
55597.2402153 26.6887287358
55597.2405625 27.2935430216
55597.2409097 27.9601828171
55597.2412569 28.6829825148
55597.2416042 29.4565948775
55597.2419514 30.2795728336
55597.2422986 31.1486473985
55597.2426458 32.0546349274
55597.2429931 32.9971388412
55597.2433403 33.9738014177
55597.2436875 34.9795504831
55597.2440347 36.011520131
55597.2443819 37.0675986869
55597.2447292 38.1464327757
55597.2450764 39.2428687923
55597.2454236 40.3581134868
55597.2457708 41.486942108
55597.2461181 42.6299989126
55597.2464653 43.7843820784
55597.2468125 44.9490343772
55597.2471597 46.1229292576
55597.2475069 47.3059064151
55597.2478542 48.4953735092
55597.2482014 49.6900120583
55597.2485486 50.8899183798
55597.2488958 52.0925780328
55597.2492431 53.2975893684
55597.2495903 54.5051949509
55597.2499375 55.7139532434
55597.2502847 56.9221880282
55597.2506319 58.1309411845
55597.2509792 59.3381632352
55597.3730859 26.6002799939
55597.3734329 27.235471783
55597.3737801 27.9311490228
55597.3741273 28.6812970866
55597.3744745 29.4829424636
55597.3748218 30.3312844553
55597.375169 31.2211852506
55597.3755162 32.148575897
55597.3758634 33.1111458371
55597.3762106 34.1062342005
55597.3765579 35.1261338654
55597.3769051 36.1733945066
55597.3772523 37.2430448546
55597.3775995 38.3332081058
55597.3779468 39.4405824198
55597.378294 40.5640082375
55597.3786412 41.7013743587
55597.3789884 42.8512745893
55597.3793356 44.0133351899
55597.3796829 45.1855085062
55597.3800301 46.3646822897
55597.3803773 47.551239815
55597.3807245 48.7442270347
55597.3810718 49.9415306737
55597.381419 51.1411906897
55597.3817662 52.3449403339
55597.3821134 53.5520748899
55597.3824606 54.7602600936
55597.3828079 55.968853575
55597.3831551 57.176659383
55597.3835023 58.3842892355
55597.3838495 59.5915231109
55597.4897986 59.0736702057
55597.4901458 57.8671664368
55597.4904931 56.659249281
55597.4908403 55.4502060954
55597.4911875 54.2414954624
55597.4915347 53.0322769818
55597.4918819 51.8248773261
55597.4922292 50.6196386692
55597.4925764 49.4170813676
55597.4929236 48.2184489169
55597.4932708 47.0240047558
55597.4936181 45.8377899299
55597.4939653 44.656989536
55597.4943125 43.4856404414
55597.4946597 42.3233164576
55597.4950069 41.1719665881
55597.4953542 40.0338909437
55597.4957014 38.9104988252
55597.4960486 37.8029677419
55597.4963958 36.7143097755
55597.4967285 35.6447937229
55597.5098915 36.7024180741
55597.5102384 37.7901100954
55597.5105856 38.8967706734
55597.5109329 40.02034397
55597.5112801 41.1577135978
55597.5116273 42.3069484388
55597.5119745 43.4681604275
55597.5123218 44.6401586557
55597.512669 45.8196227904
55597.5130162 47.0059708964
55597.5133634 48.1990590933
55597.5137106 49.3964242582
55597.5140579 50.5977287421
55597.5144051 51.8021952511
55597.5147523 53.0085199494
55597.5150995 54.2162985816
55597.5154468 55.4246679099
55597.515794 56.6324432437
55597.5161412 57.8392062455
55597.5164884 59.0445857765
55597.6224375 59.1221080334
55597.6227847 57.9170202807
55597.6231319 56.7099276854
55597.6234792 55.5009363268
55597.6238264 54.2923194053
55597.6241736 53.0835022369
55597.6245208 51.8737847458
55597.6248681 50.6689104567
55597.6252153 49.464500996
55597.6255625 48.2647812278
55597.6259097 47.0665836681
55597.6262569 45.8771163506
55597.6266042 44.6928516608
55597.6269514 43.5173140268
55597.6272986 42.3507975722
55597.6276458 41.1939886795
55597.6279931 40.0505134238
55597.6283403 38.9196485182
55597.6286875 37.8042153093
55597.6290347 36.7035664834
55597.6293819 35.6277241635
55597.6297292 34.5726745289
55597.6300764 33.5414489647
55597.6304236 32.5392287059
55597.6307708 31.566009007
55597.6311181 30.6287533912
55597.6314653 29.7280308146
55597.6318125 28.8690184267
55597.6321597 28.0569662975
55597.6325069 27.2942171665
55597.6328542 26.5871249303
55597.6332014 25.9401712936
55597.6335486 25.3571363233
55597.6338958 24.8453324375
55597.6342431 24.4053961975
55597.6345903 24.0443094758
55597.6349375 23.7672772577
55597.6352847 23.5753472778
55597.6356319 23.4696635398
55597.6359792 23.4535513801
55597.6363264 23.5259609055
55597.6366736 23.6860844698
55597.6370208 23.9330752403
55597.6373681 24.262781824
55597.6377153 24.6725864094
55597.6380625 25.1582885954
55597.6384097 25.7153142901
55597.6387569 26.3398465755
55597.6391042 27.0245311291
55597.6394514 27.7651090213
55597.6396278 28.5592052437
55597.6399609 28.9475330723
55597.6403079 29.8083043158
55597.6406551 30.7123899344
55597.6410023 31.6527282924
55597.6413495 32.6276538154
55597.6416968 33.6327960834
55597.642044 34.6651346088
55597.6423912 35.7221060827
55597.6427384 36.8026058125
55597.6430856 37.902013882
55597.6434329 39.0168323349
55597.6437801 40.1471662537
55597.6441273 41.2917542817
55597.6444745 42.446582234
55597.6448218 43.6140821592
55597.645169 44.7906213633
55597.6455162 45.9736967396
55597.6458634 47.1642927569
55597.6462106 48.3602640656
55597.6465579 49.5603687224
55597.6469051 50.7639102954
55597.6472523 51.9702999017
55597.6475995 53.1780701814
55597.6479468 54.3854729457
55597.648294 55.5941715053
55597.6486412 56.804123874
55597.6489884 58.0106412728
55597.6493356 59.2134391556
55597.7548681 59.8960495868
55597.7552153 58.6962828043
55597.7555625 57.4891493775
55597.7559097 56.2820819251
55597.7562569 55.0733735648
55597.7566042 53.8641321576
55597.7569514 52.6549398803
55597.7572986 51.4468711307
55597.7576458 50.2392045038
55597.7579931 49.0349068536
55597.7583403 47.834905712
55597.7586875 46.6370983931
55597.7590347 45.446864737
55597.7593819 44.262983707
55597.7597292 43.0866570867
55597.7600764 41.9195227697
55597.7604236 40.7619028019
55597.7607708 39.6182689068
55597.7611181 38.483207676
55597.7614653 37.368318141
55597.7618125 36.2706876547
55597.7621597 35.1925851076
55597.7625069 34.1369572741
55597.7628542 33.1058847466
55597.7632014 32.1026405472
55597.7635486 31.1289612845
55597.7638958 30.1910957657
55597.7642431 29.2911692651
55597.7645903 28.4325060623
55597.7649375 27.6217801524
55597.7652847 26.8609434466
55597.7656319 26.1563169101
55597.7659792 25.513188144
55597.7663264 24.9347286067
55597.7666736 24.4274064991
55597.7670208 23.9964996672
55597.7673681 23.6439282518
55597.7677153 23.3755185693
55597.7680625 23.1940611877
55597.7684097 23.1004973147
55597.7687569 23.0971859354
55597.7691042 23.1839813146
55597.7694514 23.35857718
55597.7697986 23.6199378632
55597.7701458 23.964153445
55597.7704931 24.390078097
55597.7708403 24.8922051276
55597.7711875 25.465571336
55597.7715347 26.1037656404
55597.7718819 26.8047983514
55597.7721394 27.5599744582
55597.7725535 28.3116484352
55597.7729005 29.1616170673
55597.7732477 30.055491772
55597.7735949 30.9873877011
55597.7739421 31.9549478545
55597.7742894 32.9529809821
55597.7746366 33.9796990452
55597.7749838 35.0320234604
55597.775331 36.102807767
55597.7756782 37.1940907331
55597.7760255 38.3051753383
55597.7763727 39.4338429599
55597.7767199 40.5759386098
55597.7770671 41.7283550548
55597.7774144 42.8933676649
55597.7777616 44.0691360211
55597.7781088 45.2526805427
55597.778456 46.4420788117
55597.7788032 47.6363954544
55597.7791505 48.8356441054
55597.7794977 50.0384236429
55597.7798449 51.2440910251
55597.7801921 52.4516882622
55597.7805394 53.6600543979
55597.7808866 54.8680816889
55597.7812338 56.0751536759
55597.781581 57.2844576597
55597.7819282 58.4895923337
55597.7822755 59.6916280404
55597.8878079 58.9061298522
55597.8881551 57.7022989248
55597.8885023 56.4970788351
55597.8888495 55.2892541012
55597.8891968 54.0807682976
55597.889544 52.8719145481
55597.8898912 51.6643445289
55597.8902384 50.4574325013
55597.8905856 49.2506940503
55597.8909329 48.0486862973
55597.8912801 46.8491475721
55597.8916273 45.6548893344
55597.8919745 44.466581854
55597.8923218 43.2855507928
55597.892669 42.1123740429
55597.8930162 40.9495422914
55597.8933634 39.7968750623
55597.8937106 38.6580686819
55597.8940579 37.5332547798
55597.8944051 36.4256228796
55597.8947523 35.33609309
55597.8950995 34.2645681404
55597.8954468 33.2174272453
55597.895794 32.1991985844
55597.8961412 31.2097217709
55597.8964884 30.2525197047
55597.8968356 29.3314839979
55597.8971829 28.4512704775
55597.8975301 27.6154523716
55597.8978773 26.8284051159
55597.8982245 26.0959161388
55597.8985718 25.4219310053
55597.898919 24.811890487
55597.8992662 24.2717429268
55597.8996134 23.8050931953
55597.8999606 23.417593952
55597.9003079 23.1130228749
55597.9006551 22.8942257314
55597.9010023 22.7651478517
55597.9013495 22.7265267439
55597.9016968 22.7782594647
55597.902044 22.9210004993
55597.9023912 23.1524684157
55597.9027384 23.469342203
55597.9030856 23.8687985066
55597.9034329 24.3461562954
55597.9037801 24.8948989822
55597.9041273 25.5144951044
55597.9044745 26.1978578768
55597.904732 26.9393771752
55597.9051461 27.6792025644
55597.9054931 28.5156695869
55597.9058403 29.3993495124
55597.9061875 30.3233928097
55597.9065347 31.2818157032
55597.9068819 32.2734990704
55597.9072292 33.2948456762
55597.9075764 34.3411569566
55597.9079236 35.4104410591
55597.9082708 36.49767663
55597.9086181 37.60622083
55597.9089653 38.729358666
55597.9093125 39.8681008364
55597.9096597 41.0203650066
55597.9100069 42.1824577676
55597.9103542 43.3557477736
55597.9107014 44.5365991552
55597.9110486 45.7249951788
55597.9113958 46.9198329151
55597.9117431 48.1187825631
55597.9120903 49.3205170211
55597.9124375 50.5254877431
55597.9127847 51.7327068799
55597.9131319 52.9406722821
55597.9134792 54.149135945
55597.9138264 55.3569637255
55597.9141736 56.5618938967
55597.9145208 57.7670329067
55597.9148681 58.9711329933
55598.0201924 59.8382670596
55598.0205394 58.6407724695
55598.0208866 57.4372814442
55598.0212338 56.2329779074
55598.021581 55.0244354717
55598.0219282 53.8161907973
55598.0222755 52.6071182313
55598.0226227 51.3977577648
55598.0229699 50.1906161676
55598.0233171 48.9848975855
55598.0236644 47.782817964
55598.0240116 46.5819150615
55598.0243588 45.3861642482
55598.024706 44.1962757232
55598.0250532 43.0145347909
55598.0254005 41.838603168
55598.0257477 40.6741353278
55598.0260949 39.5194636963
55598.0264421 38.3775153585
55598.0267894 37.2499906118
55598.0271366 36.1377368447
55598.0274838 35.0445531457
55598.027831 33.9718207285
55598.0281782 32.9219726584
55598.0285255 31.8979764766
55598.0288727 30.9033145207
55598.0292199 29.9415934226
55598.0295671 29.0148845161
55598.0299144 28.1289814496
55598.0302616 27.2873370865
55598.0306088 26.4946286203
55598.030956 25.7569274768
55598.0313032 25.0769360646
55598.0316505 24.4616568752
55598.0319977 23.9168325715
55598.0323449 23.4457759296
55598.0326921 23.0543349049
55598.0330394 22.7475533785
55598.0333866 22.5272183391
55598.0337338 22.3971622588
55598.034081 22.3596076171
55598.0344282 22.4132975041
55598.0347755 22.5587467767
55598.0351227 22.7939737233
55598.0354699 23.1155680402
55598.0358171 23.5205689894
55598.0361644 24.0045984999
55598.0365116 24.5618520825
55598.0368588 25.185938825
55598.037206 25.8754672257
55598.0375532 26.6235307986
55598.0379005 27.4245702387
55598.0382477 28.2739625564
55598.0385949 29.1661807409
55598.0389421 30.0987117017
55598.0392894 31.0660312734
55598.0396366 32.0654442837
55598.0399838 33.0936857978
55598.040331 34.1475292866
55598.0406782 35.2231212696
55598.0410255 36.317156735
55598.0413727 37.4310994735
55598.0417199 38.562069961
55598.0420671 39.7047867561
55598.0424144 40.8593374523
55598.0427616 42.0254069038
55598.0431088 43.2013362805
55598.043456 44.3837106709
55598.0438032 45.5737787482
55598.0441505 46.7690689813
55598.0444977 47.9660124144
55598.0448449 49.1689256525
55598.0451921 50.3749836495
55598.0455394 51.5822281582
55598.0458866 52.7901298996
55598.0462338 53.9980471119
55598.046581 55.2052408221
55598.0469282 56.410938901
55598.0472755 57.6150212536
55598.0476227 58.816986995
55598.1604239 34.103405038
55598.1607708 33.0423556919
55598.1611181 32.0024581955
55598.1614653 30.9915051568
55598.1618125 30.0112162519
55598.1621597 29.065373923
55598.1625069 28.1577966336
55598.1628542 27.2923057984
55598.1632014 26.474611199
55598.1635486 25.7083149317
55598.1638958 24.9990696145
55598.1642431 24.3528987141
55598.1645903 23.7736377611
55598.1649375 23.2681281439
55598.1652847 22.8413057477
55598.1656319 22.4963338126
55598.1659792 22.2394292715
55598.1663264 22.0720469427
55598.1666736 21.9964057203
55598.1670208 22.014947555
55598.1673681 22.1261510997
55598.1677153 22.3285870882
55598.1680625 22.6208401511
55598.1684097 22.9985627502
55598.1687569 23.4563674587
55598.1691042 23.9905579504
55598.1694514 24.5954726971
55598.1697986 25.2667889914
55598.1701458 25.9993366994
55598.1704931 26.7865473659
55598.1708403 27.62325088
55598.1711875 28.5055188455
55598.1715347 29.4293698627
55598.1718819 30.3882296136
55598.1722292 31.3811900276
55598.1725764 32.4031162733
55598.1729236 33.4510145517
55598.1732708 34.524324423
55598.1736181 35.6145440228
55598.1739653 36.7250193123
55598.1743125 37.8516861368
55598.1746597 38.9922983078
55598.1750069 40.1465738602
55598.1753542 41.3091421935
55598.1757014 42.4832569228
55598.1760486 43.6646599092
55598.1763958 44.8535826972
55598.1767431 46.0483202144
55598.1770903 47.2437158018
55598.1774375 48.4455596378
55598.1777847 49.6519162661
55598.1781319 50.8584707087
55598.1784792 52.0665535275
55598.1788264 53.2747317659
55598.1791736 54.4825147996
55598.1795208 55.6889816698
55598.1798681 56.8929792509
55598.1802153 58.0969843168
55598.1805625 59.2959297287
55598.2990119 21.7211646523
55598.2993588 21.6337968861
55598.299706 21.6409202555
55598.3000532 21.7418810849
55598.3004005 21.9355107211
55598.3007477 22.2199533048
55598.3010949 22.5910755704
55598.3014421 23.0449104598
55598.3017894 23.5762575081
55598.3021366 24.1793545442
55598.3024838 24.8497512022
55598.302831 25.5809840813
55598.3031782 26.3665090294
55598.3035255 27.2030651468
55598.3038727 28.0873799888
55598.3042199 29.0121613797
55598.3045671 29.9725989118
55598.3049144 30.9683501521
55598.3052616 31.9901246359
55598.3056088 33.0383582104
55598.305956 34.1123303115
55598.3063032 35.205197168
55598.3066505 36.3166187534
55598.3069977 37.4434092741
55598.3073449 38.5859885802
55598.3076921 39.7405656251
55598.3080394 40.9037135422
55598.3083866 42.0790685584
55598.3087338 43.2609551503
55598.309081 44.4501914869
55598.3094282 45.6455359704
55598.3097755 46.8428697367
55598.3101227 48.0438087775
55598.3104699 49.2498461457
55598.3108171 50.4573772706
55598.3111644 51.6654359144
55598.3115116 52.8737901117
55598.3118588 54.0811005059
55598.312206 55.2872849029
55598.3125532 56.4916398174
55598.3129005 57.6927908973
55598.3132477 58.8925665624
55598.4181782 59.7582413061
55598.4185255 58.5643587092
55598.4188727 57.3651713839
55598.4192199 56.1627652291
55598.4195671 54.9592764901
55598.4199144 53.75239202
55598.4202616 52.5439429096
55598.4206088 51.3342710992
55598.420956 50.1251429394
55598.4213032 48.9170319616
55598.4216505 47.7097009548
55598.4219079 46.5051676479
55598.4372294 29.4929522551
55598.4375764 30.4849083414
55598.4379236 31.5078503874
55598.4382708 32.557725093
55598.4386181 33.6315746235
55598.4389653 34.7253662235
55598.4393125 35.8382812434
55598.4396597 36.9665499178
55598.4400069 38.1110088531
55598.4403542 39.2647387578
55598.4407014 40.4294045812
55598.4410486 41.6057197282
55598.4413958 42.7884791265
55598.4417431 43.9772802598
55598.4420903 45.1732544395
55598.4424375 46.3714023236
55598.4427847 47.5742787693
55598.4431319 48.7798444128
55598.4434792 49.9867209659
55598.4438264 51.194083004
55598.4441736 52.4017309254
55598.4445208 53.6087856936
55598.4448681 54.8141305722
55598.4452153 56.0188691129
55598.4455625 57.2213042763
55598.4459097 58.4178458039
55598.4462569 59.6112794925
55598.5507708 59.9630962779
55598.5511181 58.7723160508
55598.5514653 57.5760548604
55598.5518125 56.3755996079
55598.5521597 55.1730033602
55598.5525069 53.967272533
55598.5528542 52.758691348
55598.5532014 51.5501270164
55598.5535486 50.3408406689
55598.5538958 49.1320029288
55598.5542431 47.9230310736
55598.5545903 46.7172074483
55598.5549375 45.5137567783
55598.5552847 44.3133736133
55598.5556319 43.1179779558
55598.5559792 41.9299392615
55598.5563264 40.7475694387
55598.5566736 39.574562948
55598.5570208 38.4103483174
55598.5573681 37.2576811884
55598.5577153 36.1183275959
55598.5580625 34.9934904752
55598.5584097 33.8870695528
55598.5587569 32.7953001419
55598.5591042 31.72894758
55598.5594514 30.6886542101
55598.5597986 29.6744578463
55598.5601458 28.6923233513
55598.5604931 27.7452561208
55598.5608403 26.8378347428
55598.5611875 25.9734679954
55598.5615347 25.1582774276
55598.5618819 24.3964735478
55598.5622292 23.6936646933
55598.5625618 23.0584186585
55598.5646716 20.9222677043
55598.5650185 20.8895264494
55598.5653657 20.9538608103
55598.565713 21.1148625732
55598.5660602 21.3684097816
55598.5664074 21.7136354184
55598.5667546 22.1458436359
55598.5671019 22.6565503736
55598.5674491 23.2426214465
55598.5677963 23.8993682045
55598.5681435 24.6188684805
55598.5684907 25.3963551179
55598.568838 26.2266669381
55598.5691852 27.1035974448
55598.5695324 28.0230469551
55598.5698796 28.9814167503
55598.5702269 29.9721706313
55598.5705741 30.9940496563
55598.5709213 32.0436715235
55598.5712685 33.1151924645
55598.5716157 34.2076273347
55598.571963 35.3201144108
55598.5723102 36.4483195572
55598.5726574 37.5913673024
55598.5730046 38.746070253
55598.5733519 39.9108132844
55598.5736991 41.0863302833
55598.5740463 42.2701227761
55598.5743935 43.4590742451
55598.5747407 44.6545873299
55598.575088 45.8540260549
55598.5754352 47.0572172076
55598.5757824 48.2626735515
55598.5761296 49.4698928922
55598.5764769 50.6774833623
55598.5768241 51.8852995761
55598.5771713 53.092590478
55598.5775185 54.2982123096
55598.5778657 55.5018371066
55598.578213 56.7027275113
55598.5785602 57.9002679941
55598.5789074 59.0951724977
55598.6836875 59.0626020151
55598.6840347 57.8700415421
55598.6843819 56.6717592874
55598.6847292 55.4716069685
55598.6850764 54.2686257089
55598.6854236 53.0605146634
55598.6857708 51.8526143425
55598.6861181 50.6424940816
55598.6864653 49.4340493639
55598.6868125 48.2243533607
55598.6871597 47.0169123581
55598.6875069 45.8109683178
55598.6878542 44.6090719425
55598.6882014 43.4091436609
55598.6885486 42.216469838
55598.6888958 41.0297381079
55598.6892431 39.8494947167
55598.6895903 38.6765884862
55598.6899375 37.5178202789
55598.6902847 36.3687700342
55598.6906319 35.2339540079
55598.6909792 34.1143964502
55598.6913264 33.0139173839
55598.6916736 31.932462352
55598.6920208 30.8738606425
55598.6923681 29.8430950247
55598.6927153 28.8391585718
55598.6930625 27.8704339087
55598.6934097 26.936891284
55598.6937569 26.0456334288
55598.6941042 25.2012467563
55598.6944514 24.4073574737
55598.6947986 23.6710333859
55598.6951458 22.9978054615
55598.6954931 22.3926203645
55598.6958403 21.8635406537
55598.6961875 21.4140316894
55598.6965347 21.0511490691
55598.6968819 20.7780164047
55598.6972292 20.5988810866
55598.6975764 20.518944991
55598.6979236 20.536946316
55598.6982708 20.652202675
55598.6986181 20.8635412233
55598.6989653 21.1685738119
55598.6993125 21.5620132381
55598.6996597 22.0401661767
55598.7000069 22.5969659263
55598.7002644 23.2257953422
55598.7006785 23.8748165582
55598.7010255 24.6264736608
55598.7013727 25.4342970589
55598.7017199 26.2924466572
55598.7020671 27.1952948525
55598.7024144 28.1374941921
55598.7027616 29.1152942059
55598.7031088 30.1266508063
55598.703456 31.1679515481
55598.7038032 32.2258496952
55598.7041505 33.3146155935
55598.7044977 34.4210330845
55598.7048449 35.5431025572
55598.7051921 36.6802703682
55598.7055394 37.8308500131
55598.7058866 38.9871107746
55598.7062338 40.158360188
55598.706581 41.3409581536
55598.7069282 42.5285679123
55598.7072755 43.7213511333
55598.7076227 44.9202309401
55598.7079699 46.1250371067
55598.7083171 47.3303622685
55598.7086644 48.5358980555
55598.7090116 49.7439984256
55598.7093588 50.9520438149
55598.709706 52.1597849785
55598.7100532 53.3664740929
55598.7104005 54.570942437
55598.7107477 55.7739032602
55598.7110949 56.9746548339
55598.7114421 58.1683818197
55598.7117894 59.3571412882
55598.8162801 59.2730813088
55598.8166273 58.0835390571
55598.8169745 56.8885981153
55598.8173218 55.6902839278
55598.817669 54.4887873134
55598.8180162 53.2857344365
55598.8183634 52.0782003451
55598.8187106 50.8682300979
55598.8190579 49.6592880612
55598.8194051 48.4498568817
55598.8197523 47.2414866406
55598.8200995 46.0349787655
55598.8204468 44.8293815315
55598.820794 43.6288425263
55598.8211412 42.4310574012
55598.8214884 41.2406034091
55598.8218356 40.0561706987
55598.8221829 38.8798947933
55598.8225301 37.7132237399
55598.8228773 36.557355313
55598.8232245 35.413328322
55598.8235718 34.2831377968
55598.823919 33.1689924812
55598.8242662 32.0767490739
55598.8246134 31.00536871
55598.8249606 29.9569878373
55598.8253079 28.9371667589
55598.8256551 27.9490178906
55598.8260023 26.9937284434
55598.8263495 26.0800324988
55598.8266968 25.2092416725
55598.827044 24.3877139825
55598.8273912 23.6215492054
55598.8277384 22.9151543836
55598.8280856 22.2763213629
55598.8284329 21.709779472
55598.8287801 21.2221555409
55598.8291273 20.8203612046
55598.8294745 20.5073438569
55598.8298218 20.2890171683
55598.830169 20.1686625357
55598.8305162 20.1464314012
55598.8308634 20.2244965878
55598.8312106 20.4010331595
55598.8315579 20.6722420861
55598.8319051 21.0361520412
55598.8322523 21.487024247
55598.8325995 22.0167662917
55598.832857 22.6254313896
55598.8332711 23.2583519903
55598.8336181 23.9941830071
55598.8339653 24.787603173
55598.8343125 25.6331059464
55598.8346597 26.525289067
55598.8350069 27.460601148
55598.8353542 28.4306762929
55598.8357014 29.4318430485
55598.8360486 30.4655471481
55598.8363958 31.5254722031
55598.8367431 32.6067826887
55598.8370903 33.7091861114
55598.8374375 34.8286157751
55598.8377847 35.9636163836
55598.8381319 37.1128205837
55598.8384792 38.2681861698
55598.8388264 39.4352761535
55598.8391736 40.6165859196
55598.8395208 41.8035395667
55598.8398681 42.9951664184
55598.8402153 44.1921666903
55598.8405625 45.3910618712
55598.8409097 46.5969351403
55598.8412569 47.8059965971
55598.8416042 49.013182357
55598.8419514 50.221055159
55598.8422986 51.4288007809
55598.8426458 52.6354213102
55598.8429931 53.8401801111
55598.8433403 55.0428253151
55598.8436875 56.2419083946
55598.8440347 57.4371089848
55598.8443819 58.6301098928
55598.8447292 59.8158603559
55598.9490116 59.0109977995
55598.9493588 57.8223756284
55598.949706 56.6283205086
55598.9500532 55.4306117811
55598.9504005 54.2293689492
55598.9507477 53.0249938356
55598.9510949 51.8191504462
55598.9514421 50.6098493066
55598.9517894 49.4012945375
55598.9521366 48.1922010232
55598.9524838 46.9847180489
55598.952831 45.7791568719
55598.9531782 44.57170215
55598.9535255 43.3707121409
55598.9538727 42.1720770906
55598.9542199 40.9797743195
55598.9545671 39.7936563168
55598.9549144 38.6156704253
55598.9552616 37.4463873861
55598.9556088 36.2874721442
55598.955956 35.1412334979
55598.9563032 34.0094737311
55598.9566505 32.8913833286
55598.9569977 31.7944814045
55598.9573449 30.7181176314
55598.9576921 29.6653501716
55598.9580394 28.6405631662
55598.9583866 27.645442501
55598.9587338 26.6854459788
55598.959081 25.7650598779
55598.9594282 24.8874899459
55598.9597755 24.0589854204
55598.9601227 23.2858544045
55598.9604699 22.5727358977
55598.9608171 21.9270544537
55598.9611644 21.3541536247
55598.9615116 20.8607589654
55598.9618588 20.4540448778
55598.962206 20.1368600914
55598.9625532 19.9160574157
55598.9629005 19.7939707261
55598.9632477 19.7720792239
55598.9635949 19.8518455564
55598.9639421 20.03116372
55598.9642894 20.3067493419
55598.9646366 20.6759834428
55598.9649838 21.132739752
55598.965331 21.6699531797
55598.9656782 22.2859794338
55598.9660255 22.9719153444
55598.9663727 23.7184475591
55598.9667199 24.5240870447
55598.9670671 25.3810547822
55598.9674144 26.2822472983
55598.9677616 27.2262385134
55598.9681088 28.2064550328
55598.968456 29.2172828672
55598.9688032 30.2582633904
55598.9691505 31.3226198024
55598.9694977 32.4124061922
55598.9698449 33.5187046506
55598.9701921 34.6425440801
55598.9705394 35.7826756893
55598.9708866 36.9355146705
55598.9712338 38.0992822931
55598.971581 39.2714998459
55598.9719282 40.4534702797
55598.9722755 41.642761212
55598.9726227 42.8362106361
55598.9729699 44.0302193326
55598.9733171 45.2321878568
55598.9736644 46.4391337982
55598.9740116 47.64528025
55598.9743588 48.8525208099
55598.974706 50.0612969097
55598.9750532 51.2681468291
55598.9754005 52.4744863275
55598.9757477 53.6782864905
55598.9760949 54.8791617963
55598.9764421 56.0772260591
55598.9767894 57.2707006753
55598.9771366 58.4610218288
55598.9774838 59.6471156957
55599.0859331 44.2305911019
55599.0862801 43.0304649802
55599.0866273 41.8309055994
55599.0869745 40.6387312303
55599.0873218 39.450912955
55599.087669 38.2711369324
55599.0880162 37.0999806655
55599.0883634 35.9396157831
55599.0887106 34.7917457213
55599.0890579 33.6563951032
55599.0894051 32.5392664825
55599.0897523 31.4366869981
55599.0900995 30.3581061163
55599.0904468 29.3022663686
55599.090794 28.2736682641
55599.0911412 27.2758248022
55599.0914884 26.3113883383
55599.0918356 25.3878131068
55599.0921829 24.5059826237
55599.0925301 23.6745250091
55599.0928773 22.8977061004
55599.0932245 22.181344175
55599.0935718 21.5338397606
55599.093919 20.9593976576
55599.0942662 20.4655837635
55599.0946134 20.0596349013
55599.0949606 19.7449664411
55599.0953079 19.5278522158
55599.0956551 19.4113806966
55599.0960023 19.3965420187
55599.0963495 19.4846105607
55599.0966968 19.6735886104
55599.097044 19.9604798438
55599.0973912 20.3413887507
55599.0977384 20.8095709245
55599.0980856 21.3597985791
55599.0984329 21.9884314107
55599.0987801 22.6860946692
55599.0991273 23.4449328979
55599.0994745 24.2624279681
55599.0998218 25.1290746416
55599.100169 26.0411204388
55599.1005162 26.9947003965
55599.1008634 27.9825089728
55599.1012106 29.002174618
55599.1015579 30.0505754447
55599.1019051 31.1226890625
55599.1022523 32.2168205342
55599.1025995 33.3293192027
55599.1029468 34.4591102065
55599.103294 35.6030937558
55599.1036412 36.7605347394
55599.1039884 37.9256564916
55599.1043356 39.1004069751
55599.1046829 40.2844139414
55599.1050301 41.4756607776
55599.1053773 42.671562102
55599.1057245 43.8711552403
55599.1060718 45.0740679734
55599.106419 46.2803747736
55599.1067662 47.486766789
55599.1071134 48.6939797849
55599.1074606 49.9019637543
55599.1078079 51.1071082826
55599.1081551 52.3109216324
55599.1085023 53.5144221215
55599.1088495 54.7147168431
55599.1091968 55.9117605138
55599.109544 57.105838466
55599.1098912 58.2929824323
55599.1102384 59.4753734593
55599.224903 24.2098291501
55599.22525 23.3711751308
55599.2255972 22.5860843511
55599.2259444 21.8607713309
55599.2262917 21.203718939
55599.2266389 20.6200659541
55599.2269861 20.1180488671
55599.2273333 19.7037640766
55599.2276806 19.3818211399
55599.2280278 19.1587576264
55599.228375 19.0370358627
55599.2287222 19.0189792318
55599.2290694 19.1052617656
55599.2294167 19.2935025133
55599.2297639 19.5812708648
55599.2301111 19.964760827
55599.2304583 20.4359697218
55599.2308056 20.9909705516
55599.2311528 21.6241178715
55599.2315 22.3259117159
55599.2318472 23.0927465972
55599.2321944 23.9157315535
55599.2325417 24.7874004106
55599.2328889 25.7051232654
55599.2332361 26.6636257321
55599.2335833 27.65634662
55599.2339306 28.6809600783
55599.2342778 29.7332936391
55599.234625 30.8088887425
55599.2349722 31.9065674786
55599.2353194 33.0246695718
55599.2356667 34.1548844856
55599.2360139 35.3011075663
55599.2363611 36.4591083645
55599.2367083 37.6280166426
55599.2370556 38.8051646341
55599.2374028 39.9911129594
55599.23775 41.1832083452
55599.2380972 42.3799848316
55599.2384444 43.5804675597
55599.2387917 44.7838875199
55599.2391389 45.9871731777
55599.2394861 47.1918314522
55599.2398333 48.4010518719
55599.2401806 49.6096345345
55599.2405278 50.8165194705
55599.240875 52.0219232095
55599.2412222 53.224016434
55599.2415694 54.4232492234
55599.2419167 55.6187204843
55599.2422639 56.8116567394
55599.2426111 57.9997810967
55599.2429583 59.1804763786
55599.34685 59.3330028608
55599.3632711 20.2033732224
55599.3636181 20.7843550734
55599.3639653 21.4418670536
55599.3643125 22.1679776366
55599.3646597 22.954777984
55599.3650069 23.7989981562
55599.3653542 24.6908682761
55599.3657014 25.6250186895
55599.3660486 26.5992880601
55599.3663958 27.6059358211
55599.3667431 28.6433500825
55599.3670903 29.7072843874
55599.3674375 30.7943820697
55599.3677847 31.8999313802
55599.3681319 33.0248257333
55599.3684792 34.16437536
55599.3688264 35.3172726727
55599.3691736 36.4813841116
55599.3695208 37.6562305879
55599.3698681 38.8357799732
55599.3702153 40.0250139555
55599.3705625 41.2197043408
55599.3709097 42.4188860414
55599.3712569 43.6205025532
55599.3716042 44.824408041
55599.3719514 46.0310368363
55599.3722986 47.2382435434
55599.3726458 48.4457283291
55599.3729931 49.6524049016
55599.3733403 50.8577434486
55599.3736875 52.0604026515
55599.3740347 53.2610197739
55599.3743819 54.4581276243
55599.3747292 55.6521935185
55599.3750764 56.8433794137
55599.3754236 58.0257265935
55599.3757708 59.2039962713
55599.4794051 59.7744980796
55599.4797523 58.5999947682
55599.4800995 57.4195159323
55599.4804468 56.2328899271
55599.480794 55.0417962689
55599.4811412 53.8471662349
55599.4814884 52.6473959273
55599.4818356 51.4439078712
55599.4821829 50.239736018
55599.4825301 49.031180719
55599.4828773 47.8225957498
55599.4832245 46.6125003614
55599.4835718 45.4027372408
55599.483919 44.1945141195
55599.4842662 42.988063132
55599.4846134 41.7837506148
55599.4849606 40.5821928832
55599.4853079 39.3866489614
55599.4856551 38.1970995273
55599.4860023 37.013794238
55599.4863495 35.8392668615
55599.4866968 34.6748762085
55599.487044 33.5231838272
55599.4873882 32.3838774792
55599.4972989 22.422247678
55599.4976458 23.2574231032
55599.4979931 24.1435786433
55599.4983403 25.0739845275
55599.4986875 26.0448292866
55599.4990347 27.0492434893
55599.4993819 28.0843115438
55599.4997292 29.1468358598
55599.5000764 30.2324172203
55599.5004236 31.3376440042
55599.5007708 32.461997545
55599.5011181 33.6010977935
55599.5014653 34.7539930162
55599.5018125 35.9178946364
55599.5021597 37.0918306544
55599.5025069 38.2752882038
55599.5028542 39.4632448215
55599.5032014 40.6579824356
55599.5035486 41.8566052916
55599.5038958 43.0596203921
55599.5042431 44.2643307717
55599.5045903 45.4712518937
55599.5049375 46.6785767782
55599.5052847 47.8863218513
55599.5056319 49.0926226371
55599.5059792 50.2982599054
55599.5063264 51.5010415293
55599.5066736 52.7012855871
55599.5070208 53.8983927467
55599.5073681 55.0912014989
55599.5077153 56.2801595534
55599.5080625 57.4655290349
55599.5084097 58.6442151626
55599.5087569 59.8158890818
55599.6121713 59.3970886306
55599.6125185 58.2238929365
55599.6128657 57.0440267843
55599.613213 55.8581449526
55599.6135602 54.6678754004
55599.6139074 53.4733182426
55599.6142546 52.2743908489
55599.6146019 51.0717541342
55599.6149491 49.8667754381
55599.6152963 48.6594018081
55599.6156435 47.4503912499
55599.6159907 46.2401160825
55599.616338 45.0313842867
55599.6166852 43.822211929
55599.6170324 42.6150886739
55599.6173796 41.4108650063
55599.6177269 40.2083555576
55599.6180741 39.0116595602
55599.6184213 37.8213251958
55599.6187685 36.6370875279
55599.6191157 35.4603638205
55599.619463 34.2919317081
55599.6198102 33.1383829897
55599.6201574 31.9966502967
55599.6205046 30.8714602854
55599.6208519 29.7631887707
55599.6211991 28.6766422956
55599.6215463 27.612390922
55599.6218935 26.5754597408
55599.6222407 25.5701706872
55599.622588 24.5981615957
55599.6229352 23.6680680087
55599.6232824 22.7821388615
55599.6236296 21.9473812524
55599.6239769 21.1707283243
55599.6243241 20.4563325773
55599.6246713 19.8162040994
55599.6250185 19.2558097689
55599.6253657 18.7814702027
55599.625713 18.401659794
55599.6260602 18.1209337128
55599.6264074 17.9453836667
55599.6267546 17.8778908656
55599.6271019 17.9187665187
55599.6274491 18.0686784581
55599.6277963 18.3234400935
55599.6281435 18.6793349331
55599.628401 19.1313612397
55599.6288151 19.6331573567
55599.629162 20.2477352821
55599.6295093 20.9383256345
55599.6298565 21.6950225558
55599.6302037 22.5112376509
55599.6305509 23.3812001104
55599.6308981 24.297602351
55599.6312454 25.2557398992
55599.6315926 26.2501756838
55599.6319398 27.2765482294
55599.632287 28.331027096
55599.6326343 29.4088665675
55599.6329815 30.5098366258
55599.6333287 31.628910098
55599.6336759 32.7644857918
55599.6340231 33.9135833254
55599.6343704 35.076313965
55599.6347176 36.2465449177
55599.6350648 37.4257470245
55599.635412 38.61273377
55599.6357593 39.806822162
55599.6361065 41.0050748887
55599.6364537 42.2066548406
55599.6368009 43.411262761
55599.6371481 44.6171458813
55599.6374954 45.8246898916
55599.6378426 47.0322326861
55599.6381898 48.2391332334
55599.638537 49.4446746779
55599.6388843 50.6488213781
55599.6392315 51.8497015834
55599.6395787 53.0478890075
55599.6399259 54.2420124591
55599.6402731 55.4318942828
55599.6406204 56.618620968
55599.6409676 57.7994199063
55599.6413148 58.9712036881
55599.7447523 59.6467351724
55599.7450995 58.478101491
55599.7454468 57.302387985
55599.745794 56.1223235091
55599.7461412 54.9360546853
55599.7464884 53.7435156381
55599.7468356 52.5468778727
55599.7471829 51.3468100329
55599.7475301 50.1426798737
55599.7478773 48.9362403832
55599.7482245 47.7289367814
55599.7485718 46.5190989479
55599.748919 45.3103005453
55599.7492662 44.1005493436
55599.7496134 42.8920114961
55599.7499606 41.686093487
55599.7503079 40.4823942928
55599.7506551 39.281821455
55599.7510023 38.0867126131
55599.7513495 36.8982084373
55599.7516968 35.7161896479
55599.752044 34.5411735296
55599.7523912 33.3773918498
55599.7527384 32.2278861259
55599.7530856 31.0914309727
55599.7534329 29.9705279316
55599.7537801 28.869849917
55599.7541273 27.7893894059
55599.7544745 26.7361706329
55599.7548218 25.7085132962
55599.755169 24.7156820916
55599.7555162 23.7593118304
55599.7558634 22.8454585282
55599.7562106 21.9796741115
55599.7565579 21.1684480135
55599.7569051 20.419276537
55599.7572523 19.7382109583
55599.7575995 19.1337585041
55599.7579468 18.6143951865
55599.758294 18.1855685149
55599.7586412 17.855982836
55599.7589884 17.6310113274
55599.7593356 17.511496642
55599.7596829 17.5054794806
55599.7600301 17.6102095275
55599.7603773 17.8227943463
55599.7607245 18.1408907354
55599.760982 18.5574508273
55599.7613961 19.030627707
55599.7617431 19.6192718099
55599.7620903 20.2860278235
55599.7624375 21.0224368293
55599.7627847 21.8226051512
55599.7631319 22.6780822548
55599.7634792 23.5821071219
55599.7638264 24.530701792
55599.7641736 25.5164222733
55599.7645208 26.5352845191
55599.7648681 27.5840814892
55599.7652153 28.6582730103
55599.7655625 29.7540273879
55599.7659097 30.8695588181
55599.7662569 31.9998503153
55599.7666042 33.1469588784
55599.7669514 34.3084333442
55599.7672986 35.4757765072
55599.7676458 36.6543599422
55599.7679931 37.8410351918
55599.7683403 39.0320707362
55599.7686875 40.2298651682
55599.7690347 41.4313342827
55599.7693819 42.6353643699
55599.7697292 43.840573518
55599.7700764 45.0471915982
55599.7704236 46.2488758352
55599.7707708 47.4568609703
55599.7711181 48.6645208702
55599.7714653 49.8701506208
55599.7718125 51.0729096638
55599.7721597 52.270864951
55599.7725069 53.4659763258
55599.7728542 54.6570702495
55599.7732014 55.8426720941
55599.7735486 57.0262803772
55599.7738958 58.2010211513
55599.7742431 59.366191242
55599.8773449 59.8562932676
55599.8776921 58.6909056691
55599.8780394 57.5200279348
55599.8783866 56.3426111098
55599.8787338 55.158587572
55599.879081 53.9706683719
55599.8794282 52.7776232369
55599.8797755 51.5800285191
55599.8801227 50.3792976057
55599.8804699 49.175001229
55599.8808171 47.9702367799
55599.8811644 46.763159997
55599.8815116 45.5525811928
55599.8818588 44.3434993621
55599.882206 43.1342641549
55599.8825532 41.9266091069
55599.8829005 40.7218567451
55599.8832477 39.51721521
55599.8835949 38.3192112976
55599.8839421 37.1264538821
55599.8842894 35.9391247421
55599.8846366 34.7605031616
55599.8849838 33.5908299846
55599.885331 32.4310682072
55599.8856782 31.2845357437
55599.8860255 30.1545029555
55599.8863727 29.0410045772
55599.8867199 27.9469017464
55599.8870671 26.8766384879
55599.8874144 25.8318692684
55599.8877616 24.8181531672
55599.8881088 23.838953795
55599.888456 22.9002549874
55599.8888032 22.0054987643
55599.8891505 21.1638709128
55599.8894977 20.379967709
55599.8898449 19.6614122192
55599.8901921 19.0174626365
55599.8905394 18.4540839384
55599.8908866 17.9806736851
55599.8912338 17.6048075347
55599.891581 17.3316108562
55599.8919282 17.1678033813
55599.8922755 17.1156029533
55599.8926227 17.1763389449
55599.8929699 17.3492599131
55599.8933171 17.6292509879
55599.8935746 18.012242882
55599.8939887 18.4569293475
55599.8943356 19.0190168582
55599.8946829 19.6639527692
55599.8950301 20.3829277406
55599.8953773 21.165685949
55599.8957245 22.0078010926
55599.8960718 22.9019740043
55599.896419 23.8398239479
55599.8967662 24.8185461563
55599.8971134 25.8321219087
55599.8974606 26.8743201641
55599.8978079 27.9447179245
55599.8981551 29.0370186411
55599.8985023 30.1492075899
55599.8988495 31.2775951204
55599.8991968 32.4232195057
55599.899544 33.5809806665
55599.8998912 34.7480814637
55599.9002384 35.9261612674
55599.9005856 37.1113177964
55599.9009329 38.3012892919
55599.9012801 39.4985555354
55599.9016273 40.6999927077
55599.9019745 41.9035034356
55599.9023218 43.108877143
55599.902669 44.3156275531
55599.9030162 45.5185891049
55599.9033634 46.7242854566
55599.9037106 47.9324129981
55599.9040579 49.1362264576
55599.9044051 50.3387663743
55599.9047523 51.5393033764
55599.9050995 52.7347127048
55599.9054468 53.9256238897
55599.905794 55.112110995
55599.9061412 56.2931997116
55599.9064884 57.4691414433
55599.9068356 58.6401742745
55599.9071829 59.8023598058
55600.0110952 56.1695912468
55600.0114421 54.9914222321
55600.0117894 53.8046860338
55600.0121366 52.6123895049
55600.0124838 51.4158669072
55600.012831 50.2164282015
55600.0131782 49.0133981285
55600.0135255 47.8078251554
55600.0138727 46.6005599176
55600.0142199 45.3909955954
55600.0145671 44.1977674532
55600.0149144 42.9658524987
55600.0152616 41.7602189437
55600.0156088 40.5619036543
55600.015956 39.3564748141
55600.0163032 38.1541990216
55600.0166505 36.9610356824
55600.0169977 35.7721782917
55600.0173449 34.5895836788
55600.0176921 33.415767895
55600.0180394 32.2534492006
55600.0183866 31.1035263287
55600.0187338 29.9676323939
55600.019081 28.8463241135
55600.0194282 27.7481784082
55600.0197755 26.6689990135
55600.0201227 25.6175741352
55600.0204699 24.5941081105
55600.0208171 23.6053101603
55600.0211644 22.6558343791
55600.0215116 21.7497239418
55600.0218588 20.8953057917
55600.022206 20.0979196765
55600.0225532 19.3658177578
55600.0229005 18.7076214543
55600.0232477 18.1300737479
55600.0235949 17.6429262557
55600.0239421 17.2529495345
55600.0242894 16.9678257283
55600.0246366 16.7934329418
55600.0249838 16.7317175538
55600.025331 16.7856300405
55600.0256782 16.9530774928
55600.0260255 17.230494294
55600.0263727 17.6117515411
55600.0267199 18.0916891244
55600.0270671 18.6628341539
55600.0274144 19.315928566
55600.0277616 20.0434439357
55600.0281088 20.8349467818
55600.028456 21.6855495716
55600.0288032 22.5879001403
55600.0291505 23.5329741574
55600.0294977 24.5187947799
55600.0298449 25.5385700676
55600.0301921 26.5876085918
55600.0305394 27.663630525
55600.0308866 28.7609966345
55600.0312338 29.8777365035
55600.031581 31.0122049722
55600.0319282 32.1608866286
55600.0322755 33.3208474713
55600.0326227 34.4923658349
55600.0329699 35.672318049
55600.0333171 36.8607764874
55600.0336644 38.050996361
55600.0340116 39.2479270656
55600.0343588 40.4511082664
55600.034706 41.6560948127
55600.0350532 42.8618126974
55600.0354005 44.0692788387
55600.0357477 45.276172248
55600.0360949 46.4829340196
55600.0364421 47.6891037159
55600.0367894 48.8915360405
55600.0371366 50.0927323257
55600.0374838 51.2906669363
55600.037831 52.4840204032
55600.0381782 53.6737686561
55600.0385255 54.8584936047
55600.0388727 56.0376350874
55600.0392199 57.2109896047
55600.0395671 58.3810392901
55600.0399144 59.5411464633
55600.1507248 32.1542939612
55600.1510718 31.0000030707
55600.151419 29.8583384647
55600.1517662 28.7330886801
55600.1521134 27.6247013821
55600.1524606 26.5392817235
55600.1528079 25.4772081818
55600.1531551 24.4424205819
55600.1535023 23.4404562217
55600.1538495 22.4768734471
55600.1541968 21.5579695998
55600.154544 20.6876629333
55600.1548912 19.8723416101
55600.1552384 19.1219990335
55600.1555856 18.4438529947
55600.1559329 17.8462284105
55600.1562801 17.3386886598
55600.1566273 16.9275639211
55600.1569745 16.6224290931
55600.1573218 16.4284042579
55600.157669 16.3492584606
55600.1580162 16.3876535997
55600.1583634 16.54134047
55600.1587106 16.8062293524
55600.1590579 17.1805004234
55600.1594051 17.6568076117
55600.1597523 18.2237966792
55600.1600995 18.8743180902
55600.1604468 19.6009867101
55600.160794 20.3926220856
55600.1611412 21.2445795625
55600.1614884 22.147866006
55600.1618356 23.0952175099
55600.1621829 24.0835507195
55600.1625301 25.1052455241
55600.1628773 26.1565555007
55600.1632245 27.235090666
55600.1635718 28.3340952603
55600.163919 29.4530508121
55600.1642662 30.5894979563
55600.1646134 31.7389589986
55600.1649606 32.9009689383
55600.1653079 34.0736563995
55600.1656551 35.2549935658
55600.1660023 36.4445251483
55600.1663495 37.6363228398
55600.1666968 38.8326475792
55600.167044 40.0365119925
55600.1673912 41.2415413677
55600.1677384 42.4476230835
55600.1680856 43.6544900768
55600.1684329 44.8619238386
55600.1687801 46.0681679491
55600.1691273 47.2738877206
55600.1694745 48.4763057021
55600.1698218 49.6762398805
55600.170169 50.8706264932
55600.1705162 52.0632407545
55600.1708634 53.2538759859
55600.1712106 54.438711519
55600.1715579 55.6206032493
55600.1719051 56.7931395142
55600.1722523 57.9580789337
55600.1725995 59.1173360651
55600.2892086 16.7234183058
55600.2895556 16.3663627156
55600.2899028 16.1176732538
55600.29025 15.9855140134
55600.2905972 15.9716255307
55600.2909444 16.0766870211
55600.2912917 16.299082101
55600.2916389 16.6322332358
55600.2919861 17.0708968287
55600.2923333 17.6054554159
55600.2926806 18.2290522958
55600.2930278 18.9330596573
55600.293375 19.7069443484
55600.2937222 20.5437500867
55600.2940694 21.4350735829
55600.2944167 22.3712732612
55600.2947639 23.3495604255
55600.2951111 24.3652743781
55600.2954583 25.4100001145
55600.2958056 26.4825483969
55600.2961528 27.5784338144
55600.2965 28.6937244212
55600.2968472 29.826843283
55600.2971944 30.9744577289
55600.2975417 32.1343514664
55600.2978889 33.3047783678
55600.2982361 34.4848926757
55600.2985833 35.6734817888
55600.2989306 36.8654797308
55600.2992778 38.0610283169
55600.299625 39.2628984318
55600.2999722 40.4672831009
55600.3003194 41.673644515
55600.3006667 42.8805012464
55600.3010139 44.0879661804
55600.3013611 45.2942611452
55600.3017083 46.4994917121
55600.3020556 47.7035785833
55600.3024028 48.9032059306
55600.30275 50.1014554855
55600.3030972 51.2957104069
55600.3034444 52.4844259371
55600.3037917 53.6693920348
55600.3041389 54.8489038116
55600.3044861 56.0229358029
55600.3048333 57.1926975696
55600.3051806 58.3525276651
55600.3055278 59.5041251329
55600.4080046 59.7350599452
55600.4083519 58.5850744646
55600.4086991 57.4268978985
55600.4090463 56.2611810143
55600.4093935 55.0892825669
55600.4097407 53.9106077528
55600.410088 52.7270645429
55600.4104352 51.5380472713
55600.4107824 50.3440169709
55600.4111296 49.1477585654
55600.4114769 47.9467815595
55600.4118241 46.7416602961
55600.4121713 45.5361310597
55600.4125185 44.3268165368
55600.4126949 43.1177654155
55600.4268706 21.3048304353
55600.4272176 22.2587084699
55600.4275648 23.2509775433
55600.427912 24.2790727982
55600.4282593 25.3375211884
55600.4286065 26.4200201901
55600.4289537 27.5253410235
55600.4293009 28.650310807
55600.4296481 29.7893291798
55600.4299954 30.9438589033
55600.4303426 32.1101429767
55600.4306898 33.2906326711
55600.431037 34.47608321
55600.4313843 35.6656074711
55600.4317315 36.8617992291
55600.4320787 38.0619924004
55600.4324259 39.2656386319
55600.4327731 40.4711147289
55600.4331204 41.6790622362
55600.4334676 42.885444375
55600.4338148 44.0893413274
55600.434162 45.294189992
55600.4345093 46.5003577533
55600.4348565 47.704941812
55600.4352037 48.9026740444
55600.4355509 50.0983663765
55600.4358981 51.2900731393
55600.4362454 52.4747344332
55600.4365926 53.6553763258
55600.4369398 54.832664488
55600.437287 56.0032129053
55600.4376343 57.1665636054
55600.4379815 58.3232260587
55600.4383287 59.4724011833
55600.540875 59.0265227036
55600.5412222 57.8748350378
55600.5415694 56.7158955793
55600.5419167 55.5497604524
55600.5422639 54.3769225135
55600.5426111 53.1979194628
55600.5429583 52.0135621502
55600.5433056 50.8241887798
55600.5436528 49.6300450321
55600.544 48.432564935
55600.5443472 47.230387025
55600.5446944 46.0258991282
55600.5450417 44.8193959613
55600.5453889 43.6099996557
55600.5457361 42.4009764481
55600.5460833 41.1910678567
55600.5464306 39.9821455533
55600.5467778 38.7740312762
55600.547125 37.5686515224
55600.5474722 36.3650914454
55600.5478194 35.168044328
55600.5481667 33.9748909778
55600.5485139 32.7892016537
55600.5488611 31.6110051833
55600.5492083 30.4417326821
55600.5495556 29.2851326184
55600.5499028 28.1441692837
55600.55025 27.0179618092
55600.5505972 25.911499429
55600.5509444 24.8266796077
55600.5512917 23.7681837437
55600.5516389 22.7398662965
55600.5519861 21.7446334506
55600.5523333 20.7900344152
55600.5526806 19.8826499025
55600.5530278 19.0314755263
55600.553375 18.2397176786
55600.5537222 17.5189809184
55600.5540694 16.8796091296
55600.5544167 16.3285697527
55600.5547639 15.8779767506
55600.5551111 15.5354830431
55600.5554583 15.3084032913
55600.5558056 15.2035093066
55600.5561528 15.2210641921
55600.5564681 15.3621188419
55600.5569401 15.7131761748
55600.557287 16.1158087081
55600.5576343 16.6228822538
55600.5579815 17.2242626472
55600.5583287 17.9093606702
55600.5586759 18.6693600579
55600.5590231 19.4952882206
55600.5593704 20.3784015917
55600.5597176 21.3108151409
55600.5600648 22.2912806852
55600.560412 23.3062169397
55600.5607593 24.348094169
55600.5611065 25.4201253479
55600.5614537 26.5166481064
55600.5618009 27.6312300183
55600.5621481 28.7633742735
55600.5624954 29.9088696961
55600.5628426 31.0702511075
55600.5631898 32.2434199412
55600.563537 33.4233846046
55600.5638843 34.6115311551
55600.5642315 35.8062195103
55600.5645787 37.004401558
55600.5649259 38.2069772208
55600.5652731 39.4111315479
55600.5656204 40.6180498532
55600.5659676 41.8261824867
55600.5663148 43.0328161033
55600.566662 44.2389511316
55600.5670093 45.437224632
55600.5673565 46.6411599171
55600.5677037 47.8434803875
55600.5680509 49.0405120566
55600.5683981 50.2340278802
55600.5687454 51.423669936
55600.5690926 52.60773625
55600.5694398 53.7866894867
55600.569787 54.9597689657
55600.5701343 56.1272903602
55600.5704815 57.2888069116
55600.5708287 58.439405279
55600.5711759 59.5832953248
55600.6735833 58.8590015835
55600.6739306 57.7110325925
55600.6742778 56.5572560555
55600.674625 55.3935626635
55600.6749722 54.2218934231
55600.6753194 53.0449918688
55600.6756667 51.8625631948
55600.6760139 50.6745977517
55600.6763611 49.4817199462
55600.6767083 48.2851549439
55600.6770556 47.084107046
55600.6774028 45.8806348533
55600.67775 44.6754947847
55600.6780972 43.4668564292
55600.6784444 42.2577773714
55600.6787917 41.0482577452
55600.6791389 39.8386200075
55600.6794861 38.6300492824
55600.6798333 37.4245176731
55600.6801806 36.217959348
55600.6805278 35.0177533777
55600.680875 33.8235162142
55600.6812222 32.6347720244
55600.6815694 31.4535335797
55600.6819167 30.2818331799
55600.6822639 29.1214047133
55600.6826111 27.9735730781
55600.6829583 26.8415471654
55600.6833056 25.7289722664
55600.6836528 24.6354222285
55600.684 23.5692650724
55600.6843472 22.5292326826
55600.6846944 21.5255297812
55600.6850417 20.5596063619
55600.6853889 19.6389216062
55600.6857361 18.7727213831
55600.6860833 17.9656737243
55600.6864306 17.2274379139
55600.6867778 16.569994482
55600.687125 16.0037593639
55600.6874722 15.5367852544
55600.6878194 15.1780960409
55600.6881667 14.9374169124
55600.6885139 14.819996697
55600.6888611 14.8280726401
55600.6891186 14.9625230789
55600.6895327 15.1983676258
55600.6898796 15.5632454019
55600.6902269 16.0374538228
55600.6905741 16.6100929181
55600.6909213 17.2717755172
55600.6912685 18.0121835377
55600.6916157 18.8223725142
55600.691963 19.697686842
55600.6923102 20.6190699293
55600.6926574 21.5847902561
55600.6930046 22.5907718899
55600.6933519 23.6299301189
55600.6936991 24.6984020695
55600.6940463 25.7893442605
55600.6943935 26.9026165054
55600.6947407 28.0342506832
55600.695088 29.1776300536
55600.6954352 30.335916767
55600.6957824 31.5073956415
55600.6961296 32.6824067005
55600.6964769 33.8714313485
55600.6968241 35.0669257862
55600.6971713 36.2643532197
55600.6975185 37.4664267139
55600.6978657 38.6697187277
55600.698213 39.8770255608
55600.6985602 41.0848164348
55600.6989074 42.2918353166
55600.6992546 43.4977917137
55600.6996019 44.6950053307
55600.6999491 45.8978778184
55600.7002963 47.1021676506
55600.7006435 48.2993164006
55600.7009907 49.4931248433
55600.701338 50.6840990119
55600.7016852 51.8709963172
55600.7020324 53.0506296974
55600.7023796 54.2239800191
55600.7027269 55.393589985
55600.7030741 56.5542387635
55600.7034213 57.6987095346
55600.7037685 58.8567090233
55600.7041157 59.9905475564
55600.8061644 59.1128949945
55600.8065116 57.9690312226
55600.8068588 56.8192929244
55600.807206 55.6611972854
55600.8075532 54.4980875393
55600.8079005 53.3264791879
55600.8082477 52.1479754357
55600.8085949 50.9635060925
55600.8089421 49.7742128036
55600.8092894 48.5811072999
55600.8096366 47.3838378836
55600.8099838 46.1809162545
55600.810331 44.975911751
55600.8106782 43.770816014
55600.8110255 42.5638553313
55600.8113727 41.353854506
55600.8117199 40.1447201946
55600.8120671 38.9352516042
55600.8124144 37.7266983999
55600.8127616 36.5218077127
55600.8131088 35.3177905017
55600.813456 34.1187773115
55600.8138032 32.9246608398
55600.8141505 31.7384926081
55600.8144977 30.5596485351
55600.8148449 29.391292472
55600.8151921 28.2323816041
55600.8155394 27.089988188
55600.8158866 25.9631625296
55600.8162338 24.854266939
55600.816581 23.769353757
55600.8169282 22.7099443673
55600.8172755 21.6827637036
55600.8176227 20.6892166131
55600.8179699 19.7399035242
55600.8183171 18.8384740313
55600.8186644 17.9936838746
55600.8190116 17.2139641253
55600.8193588 16.5095741476
55600.819706 15.8914507495
55600.8200532 15.3686452171
55600.8204005 14.952437671
55600.8207477 14.652543705
55600.8210949 14.4751517851
55600.8214421 14.4239920538
55600.8216996 14.5029141139
55600.8221137 14.6926797912
55600.8224606 15.0127774489
55600.8228079 15.4468557662
55600.8231551 15.9856534213
55600.8235023 16.6189000256
55600.8238495 17.3353762552
55600.8241968 18.1260084122
55600.824544 18.9792227893
55600.8248912 19.8882892067
55600.8252384 20.8453988444
55600.8255856 21.8419392106
55600.8259329 22.8746745045
55600.8262801 23.9367252453
55600.8266273 25.0244443328
55600.8269745 26.1354869328
55600.8273218 27.2625622735
55600.827669 28.406749903
55600.8280162 29.5647158602
55600.8283634 30.7329758342
55600.8287106 31.9114969623
55600.8290579 33.0977468807
55600.8294051 34.2894173019
55600.8297523 35.4863228053
55600.8300995 36.6889139255
55600.8304468 37.8903120612
55600.830794 39.0968726387
55600.8311412 40.3046755073
55600.8314884 41.5124796213
55600.8318356 42.7185820923
55600.8321829 43.9243258745
55600.8325301 45.1271447557
55600.8328773 46.3281339002
55600.8332245 47.5256602052
55600.8335718 48.7198693276
55600.833919 49.9092716488
55600.8342662 51.0950779943
55600.8346134 52.2749623687
55600.8349606 53.4488842783
55600.8353079 54.6173363951
55600.8356551 55.7790371891
55600.8360023 56.9336173382
55600.8363495 58.08273742
55600.8366968 59.221397155
55600.9388611 58.988186143
55600.9392083 57.847513963
55600.9395556 56.7098434203
55600.9399028 55.5424023781
55600.94025 54.3789959884
55600.9405972 53.2138558455
55600.9409444 52.0377168596
55600.9412917 50.8552938145
55600.9416389 49.6686243616
55600.9419861 48.47777577
55600.9423333 47.2824748038
55600.9426806 46.0823490264
55600.9430278 44.8800161188
55600.943375 43.6751303054
55600.9437222 42.4685875131
55600.9440694 41.2615099262
55600.9444167 40.0501825302
55600.9447639 38.8414914052
55600.9451111 37.6319510095
55600.9454583 36.4262439114
55600.9458056 35.2201831138
55600.9461528 34.0200535431
55600.9465 32.8242883961
55600.9468472 31.6347590597
55600.9471944 30.4525395763
55600.9475417 29.2793844489
55600.9478889 28.116342522
55600.9482361 26.9674792614
55600.9485833 25.8341379144
55600.9489306 24.7184978724
55600.9492778 23.6236776136
55600.949625 22.5553449414
55600.9499722 21.5153923201
55600.9503194 20.5102914626
55600.9506667 19.5455595318
55600.9510139 18.6280587461
55600.9513611 17.7665490004
55600.9517083 16.9680031462
55600.9520556 16.2439828223
55600.9524028 15.6038950015
55600.95275 15.059617429
55600.9530972 14.6225407721
55600.9534444 14.3010416031
55600.9537917 14.1050252261
55600.9541389 14.0392471105
55600.9544861 14.1045603125
55600.9548333 14.2997974428
55600.9551806 14.6182444039
55600.9555278 15.0559330632
55600.955875 15.5998845863
55600.9562222 16.238523366
55600.9565694 16.9620263018
55600.9569167 17.7596617077
55600.9572639 18.6205896074
55600.9576111 19.5367181463
55600.9579583 20.5006571779
55600.9583056 21.504417265
55600.9586528 22.5430404083
55600.959 23.6107180457
55600.9593472 24.7031319268
55600.9596944 25.8176622414
55600.9600417 26.9508664203
55600.9603889 28.0976233083
55600.9607361 29.2583406749
55600.9610833 30.4305466278
55600.9614306 31.6109318705
55600.9617778 32.7989792461
55600.962125 33.9932789893
55600.9624722 35.1920705053
55600.9628194 36.3947233553
55600.9631667 37.598250721
55600.9635139 38.8032001192
55600.9638611 40.0113310049
55600.9642083 41.2195129661
55600.9645556 42.4251264186
55600.9649028 43.6307740742
55600.96525 44.8332562956
55600.9655972 46.033220736
55600.9659444 47.229912577
55600.9662917 48.4230346374
55600.9666389 49.6114700912
55600.9669861 50.7954799267
55600.9673333 51.9739561997
55600.9676806 53.1459999282
55600.9680278 54.3127930519
55600.968375 55.4720578069
55600.9687222 56.6244655949
55600.9690694 57.769636512
55600.9694167 58.9081394863
